822 1814
68 138
177 616
786 534
87 528
611 47
19 304
649 278
119 308
429 561
428 575
660 325
699 169
114 404
424 463
742 530
283 20
656 676
178 271
143 85
411 328
453 296
701 530
298 804
530 324
589 529
773 277
666 369
659 671
588 276
421 529
79 542
542 808
742 533
676 75
570 433
218 714
575 769
497 494
740 62
481 404
441 108
223 17
545 169
504 279
106 439
126 505
365 320
6 745
688 362
412 279
217 774
242 211
408 407
760 620
281 821
529 270
30 664
711 34
589 801
318 777
712 137
380 578
53 330
702 765
147 781
258 280
649 115
742 400
708 221
730 366
342 439
453 427
662 177
629 471
806 546
130 4
776 622
135 24
655 590
202 72
132 521
156 92
537 558
203 237
788 278
383 210
771 576
243 241
416 735
310 284
243 158
542 353
139 164
755 644
790 227
756 797
498 112
428 395
552 282
679 265
293 94
28 229
298 484
670 131
47 163
431 192
306 689
183 547
204 641
232 656
143 438
336 638
80 707
245 706
383 57
445 27
66 669
451 236
415 498
811 195
5 152
486 160
62 284
617 368
94 141
81 549
542 448
93 577
228 309
450 795
344 266
751 443
61 318
373 252
46 647
654 269
159 172
290 374
510 368
772 99
617 806
53 268
604 36
18 268
291 182
256 116
123 81
401 301
576 503
703 220
227 239
517 24
97 146
544 237
742 439
211 717
323 775
527 526
515 389
137 591
172 621
1 786
591 295
275 506
150 49
767 348
35 623
496 297
387 609
638 156
131 474
442 486
460 803
816 300
300 85
488 386
34 786
163 746
646 245
112 455
166 339
81 520
427 548
173 56
66 18
140 378
639 398
90 803
162 116
329 764
102 443
779 344
389 705
505 470
219 157
70 14
643 40
456 67
60 491
207 628
9 360
543 144
283 755
291 275
79 558
504 9
696 797
716 352
186 406
209 482
655 520
656 730
553 517
532 61
463 173
321 652
803 87
312 772
421 761
425 135
785 721
769 244
329 797
296 167
101 631
356 286
215 30
591 798
423 109
463 170
324 57
455 566
242 500
172 117
608 558
26 149
298 120
25 300
447 386
506 263
253 164
610 753
581 753
486 737
730 22
370 184
62 243
639 266
272 395
612 360
791 508
81 797
47 233
678 461
310 230
150 607
280 490
694 717
323 703
475 82
517 263
441 230
694 454
573 475
357 645
111 315
140 237
713 200
804 324
256 689
621 42
2 678
594 76
333 184
485 77
272 672
681 772
74 580
603 452
307 246
703 305
819 595
660 447
241 796
93 87
500 41
529 247
1 308
717 111
425 366
707 781
104 299
305 715
159 79
474 575
686 180
484 1
142 715
396 642
698 443
299 611
548 729
607 404
240 718
561 143
764 626
697 659
360 738
57 344
590 284
656 111
145 411
43 421
394 685
767 816
20 170
481 713
320 329
752 647
588 277
772 41
450 449
686 600
30 243
55 207
737 28
277 625
242 296
133 732
389 354
227 85
283 199
375 782
679 680
446 640
30 270
267 616
722 507
535 105
645 302
380 326
504 729
292 711
461 329
393 550
49 753
393 396
511 169
42 272
23 278
194 247
32 262
53 619
526 42
507 536
249 233
535 296
480 614
82 819
638 382
234 96
474 189
510 205
437 563
66 223
144 194
231 690
208 628
388 656
771 579
223 361
693 803
34 45
273 185
40 273
114 264
190 440
656 75
807 315
789 796
131 481
8 575
278 750
91 287
1 576
596 602
595 780
198 229
307 184
17 181
589 604
661 234
153 456
634 102
751 440
188 726
174 699
514 684
151 530
316 152
706 167
193 323
323 397
684 37
207 747
29 291
17 347
716 662
419 165
563 280
649 545
154 449
747 265
233 726
417 785
771 82
300 503
213 723
87 260
752 358
38 285
647 742
541 195
463 800
246 80
290 428
55 748
222 217
797 347
17 348
273 123
494 150
406 697
463 503
564 803
638 116
470 399
695 151
438 356
558 224
652 93
581 193
362 444
622 694
419 537
578 562
600 453
470 755
37 736
614 154
451 655
350 553
243 36
153 793
523 381
125 579
148 548
149 248
691 540
230 424
215 11
34 757
220 70
295 179
555 263
386 435
70 158
455 389
22 93
741 278
817 657
266 721
737 407
775 77
108 753
518 314
655 119
89 36
270 478
625 509
624 776
554 736
213 518
792 201
25 304
81 262
196 719
214 58
366 353
305 113
755 60
652 396
749 113
804 236
553 670
398 261
478 637
341 650
675 230
126 179
582 247
93 90
578 336
634 181
482 166
236 505
300 303
292 156
209 153
482 793
408 519
635 15
393 35
524 31
270 742
111 327
547 623
83 229
341 191
490 724
109 51
52 376
339 707
502 29
486 268
453 2
330 351
497 104
262 490
357 614
655 181
145 610
560 84
237 77
738 402
337 267
780 728
177 629
74 724
298 284
353 484
470 779
587 111
685 557
209 115
107 194
592 713
560 474
29 590
512 552
566 192
548 587
442 534
578 809
672 717
502 464
158 342
273 760
207 5
464 365
783 792
699 792
420 338
59 242
370 174
560 66
638 799
437 108
564 569
770 757
243 111
498 812
119 625
448 46
363 630
215 649
236 69
820 112
699 475
181 180
675 82
525 1
36 645
326 705
221 671
260 496
676 735
459 80
131 655
106 45
423 174
456 639
11 559
709 215
90 601
713 551
92 690
94 821
461 579
498 664
155 409
583 626
268 664
493 659
404 18
511 398
520 192
471 119
337 629
623 814
310 740
103 780
146 731
8 221
92 754
622 808
440 766
77 247
423 463
353 631
655 330
245 483
86 766
148 344
331 607
581 14
654 257
588 112
74 190
292 66
499 245
784 447
774 725
78 13
437 659
443 769
46 275
15 234
492 133
627 89
1 813
427 175
91 279
716 180
765 278
180 551
595 481
668 505
279 434
83 53
747 561
657 262
661 572
458 102
25 108
478 694
67 60
394 340
416 484
16 750
199 118
329 147
99 34
238 38
83 77
83 647
252 756
402 124
425 165
354 261
392 485
172 662
746 354
624 48
71 495
293 486
276 290
613 18
99 43
176 513
349 549
125 585
697 56
717 133
253 708
569 707
733 5
501 22
121 485
368 416
87 164
532 588
293 112
430 315
807 587
632 618
524 579
564 279
288 463
65 168
272 408
383 618
739 335
376 359
203 503
712 592
602 275
90 498
203 817
351 393
157 682
269 390
90 357
453 335
7 424
172 822
709 707
198 72
318 598
373 222
357 761
416 804
73 709
389 68
562 118
620 379
238 376
357 406
529 784
490 790
738 390
223 89
726 511
710 755
577 176
565 617
515 742
38 731
704 226
715 415
311 797
249 462
385 162
97 181
353 726
9 129
39 624
172 586
692 305
165 42
2 781
425 377
345 576
787 76
54 360
661 176
420 248
721 538
170 515
500 270
47 443
288 149
469 646
369 420
264 365
106 167
72 677
555 458
522 145
315 629
726 401
808 563
724 36
162 454
570 315
116 769
220 743
541 401
676 101
273 363
757 712
545 433
442 95
99 793
650 36
726 283
801 507
89 620
385 294
337 45
180 749
111 23
235 468
719 581
164 339
759 504
685 710
140 688
434 776
436 401
644 683
187 448
460 98
810 501
795 75
210 553
320 105
643 175
580 463
406 202
177 146
363 721
769 57
589 408
91 725
78 167
353 612
290 568
594 449
88 565
680 768
71 87
121 536
358 202
213 573
573 544
60 283
660 466
812 701
157 293
663 284
526 8
127 162
169 179
596 750
13 397
553 725
807 141
648 618
536 159
535 121
99 345
316 305
133 34
815 162
729 536
298 193
64 196
482 664
307 360
286 300
558 420
672 370
375 322
681 484
662 326
333 244
357 547
361 672
660 355
607 499
230 386
305 492
198 219
796 351
7 789
142 434
756 253
596 764
691 151
710 666
74 191
410 157
157 415
677 659
576 68
9 408
764 87
802 538
819 744
514 134
808 290
656 765
105 368
123 625
570 519
742 435
765 445
624 708
291 663
532 447
384 754
294 341
9 670
319 343
103 49
767 30
434 734
737 386
204 34
501 544
197 205
754 605
70 590
629 256
576 377
10 371
176 87
266 274
360 73
31 522
788 243
240 697
367 467
155 566
335 625
29 678
684 390
98 97
724 285
806 689
236 604
69 305
241 354
576 368
117 37
545 298
340 260
458 741
593 553
543 624
362 696
347 4
203 334
3 381
204 541
595 503
597 487
113 711
350 386
348 157
450 182
485 730
106 528
110 148
685 43
691 243
805 268
769 699
92 169
105 50
821 71
592 486
528 374
68 260
659 590
342 654
76 452
651 271
335 814
691 660
178 10
239 663
791 60
147 695
67 482
565 405
694 758
145 443
347 131
348 51
376 263
84 56
753 648
128 396
720 310
591 230
301 329
112 400
705 122
649 725
305 596
724 305
599 324
158 65
786 662
362 548
398 37
753 807
384 345
556 44
174 378
363 437
550 300
115 222
294 622
580 679
417 368
787 369
327 344
348 296
403 120
666 392
150 41
444 462
339 685
524 414
504 400
457 491
311 448
614 667
194 465
710 142
655 76
677 277
523 807
138 421
602 756
609 219
224 748
197 42
752 56
447 708
789 169
194 131
192 777
63 67
176 723
691 353
473 349
94 623
42 625
742 202
229 493
85 360
664 17
239 393
133 162
407 114
502 308
361 507
348 682
291 711
614 612
132 646
15 574
380 220
145 126
58 738
333 167
614 56
250 109
529 686
440 339
299 716
321 52
312 642
516 645
449 293
688 528
471 65
370 634
116 347
279 403
251 405
809 41
44 786
281 622
744 626
606 152
509 720
495 301
72 554
31 767
506 697
345 381
589 407
74 235
438 397
580 238
286 81
569 667
93 451
801 726
329 674
510 642
459 412
268 523
606 473
246 142
171 177
749 463
252 617
310 366
24 515
774 290
595 460
372 392
178 308
522 298
391 56
123 621
789 784
226 366
444 153
68 234
215 261
71 410
156 258
625 250
383 222
384 40
816 688
193 697
106 138
143 608
75 291
630 228
800 329
785 622
225 377
214 751
608 491
493 167
479 665
267 205
612 613
651 35
322 621
454 657
444 613
579 145
86 184
238 434
49 593
278 740
763 587
350 140
723 754
409 177
31 723
396 271
707 765
636 39
580 483
394 540
344 521
290 400
454 105
327 776
579 660
401 185
222 697
500 334
210 225
291 813
163 736
664 443
576 45
522 57
746 757
76 10
807 509
611 46
482 563
195 672
371 812
154 714
747 697
163 536
369 649
814 804
155 709
451 222
402 489
408 11
263 247
235 715
270 689
590 517
365 419
438 379
354 427
689 641
467 760
674 429
359 325
676 739
271 777
492 349
221 356
439 152
66 627
657 60
342 374
412 9
588 716
755 219
301 755
91 662
754 362
511 380
361 493
501 251
504 593
769 128
313 334
361 300
691 676
316 23
209 171
229 184
160 70
786 339
332 746
519 278
616 644
727 467
802 681
460 83
357 26
553 435
147 542
154 251
282 308
139 357
14 249
328 170
497 725
78 271
499 387
688 207
270 477
458 350
574 559
672 248
218 638
419 467
523 819
624 261
244 609
8 298
707 360
327 191
160 229
752 20
588 221
441 764
775 777
407 275
228 135
131 309
208 91
84 499
393 277
342 10
218 12
75 615
131 322
671 659
51 27
416 231
52 704
588 325
130 662
424 673
167 475
794 598
542 232
307 569
645 631
374 212
307 29
74 205
572 649
332 614
114 561
405 355
426 495
817 659
486 525
322 546
72 329
735 117
542 277
512 275
793 494
560 47
742 502
308 346
701 579
376 389
236 657
295 732
171 281
760 597
566 279
808 364
192 620
688 417
195 60
294 432
300 591
410 500
453 690
330 242
634 420
502 678
693 524
73 172
200 548
238 220
393 163
530 113
107 381
287 716
152 566
125 372
288 507
203 542
579 459
671 308
417 739
58 429
80 780
193 248
581 522
632 533
456 224
239 223
538 169
569 67
550 560
406 72
721 264
189 274
9 559
761 660
758 550
67 657
208 138
54 628
384 213
750 101
82 462
705 385
376 9
781 289
751 820
358 447
17 435
707 680
70 396
570 45
181 647
52 483
229 651
33 538
17 267
91 243
554 50
522 462
484 373
801 395
206 566
425 308
181 799
239 82
710 734
720 202
69 798
820 122
363 68
623 375
579 446
504 697
49 757
3 485
705 628
465 587
768 142
532 223
389 154
214 779
664 724
149 335
674 510
505 614
369 278
425 658
671 479
522 582
580 753
68 122
492 491
185 655
40 817
217 286
480 642
652 181
653 769
122 85
717 292
768 521
2 183
584 760
558 687
578 185
7 572
236 21
256 416
544 691
162 109
679 223
761 259
119 50
58 480
149 604
297 329
663 754
353 98
482 582
799 391
250 33
436 724
383 207
155 30
527 435
196 383
311 804
631 255
107 150
72 180
750 155
665 129
97 156
77 531
223 113
764 729
449 353
430 118
306 128
40 492
149 726
443 562
741 743
271 73
461 757
97 354
9 67
324 179
622 126
482 461
541 157
390 477
124 631
678 597
536 78
790 233
478 48
114 610
228 772
11 246
467 581
751 25
455 507
665 710
103 415
38 432
778 446
158 526
733 490
370 157
635 747
163 101
24 808
232 512
34 266
99 647
669 239
674 560
806 93
67 511
330 544
543 478
501 116
212 505
143 414
702 534
157 600
504 492
306 542
772 608
187 314
170 762
158 632
346 309
326 120
572 352
113 58
350 370
218 29
321 482
102 681
640 122
74 112
461 262
318 401
814 234
653 50
766 645
604 109
109 682
679 471
560 646
194 50
123 152
729 549
210 479
582 591
416 418
35 526
718 785
84 766
480 640
372 822
404 306
716 192
203 415
272 792
760 591
375 515
517 258
25 439
13 114
678 287
720 721
266 592
54 531
45 383
308 12
516 627
349 478
439 523
84 224
360 510
821 287
677 570
270 64
242 395
631 167
579 453
395 107
401 128
184 368
275 484
273 763
787 762
510 397
644 672
539 736
185 819
479 360
598 246
808 340
368 219
333 584
413 701
399 763
666 186
276 760
624 123
402 210
97 554
521 453
760 64
667 540
50 237
593 427
577 708
641 679
281 48
687 77
325 327
419 158
293 420
721 102
388 819
671 750
339 17
180 576
518 493
408 801
28 294
586 133
328 802
40 663
610 287
97 432
761 270
764 568
392 793
28 31
763 417
141 622
610 52
430 195
468 370
142 130
71 567
429 49
502 236
92 469
257 709
257 371
295 159
647 74
390 795
233 281
329 251
790 344
573 499
477 414
469 575
58 522
645 604
44 553
794 812
688 684
356 522
654 113
800 424
442 739
373 260
434 353
657 204
306 776
456 464
717 640
426 776
281 11
621 136
604 681
69 216
266 663
155 402
104 640
50 145
411 277
388 191
127 238
748 565
509 776
590 452
279 98
232 243
400 57
521 599
115 350
562 461
412 459
750 452
368 23
498 646
712 411
598 721
214 794
51 484
640 327
45 564
183 686
614 726
544 232
711 770
35 463
113 681
738 18
174 443
165 705
167 662
151 696
116 699
817 616
255 307
666 277
290 430
644 382
735 577
11 800
67 749
194 511
68 178
666 318
774 55
584 485
710 656
44 574
697 202
109 726
590 319
648 87
207 67
483 129
622 127
712 210
144 719
622 547
465 403
637 136
196 584
260 311
244 265
429 62
395 687
233 595
628 781
807 3
113 456
617 623
801 238
739 806
740 501
617 760
228 148
763 483
341 14
566 20
821 719
367 734
822 456
799 457
553 242
777 729
11 145
4 368
427 538
328 165
250 285
485 711
390 460
159 129
75 619
652 684
502 752
667 425
324 509
122 120
582 594
201 162
776 692
47 710
424 153
776 462
626 763
751 586
215 807
772 77
538 773
331 737
116 742
487 503
787 469
73 602
184 126
396 408
500 575
101 539
53 356
292 441
90 629
199 666
665 101
11 608
569 55
114 564
262 713
675 771
669 376
218 189
666 63
685 369
523 500
662 766
76 501
279 593
47 771
241 760
738 524
407 155
62 665
673 587
119 215
394 600
259 602
337 530
208 769
328 741
727 783
407 285
722 32
434 206
255 378
665 603
297 94
248 524
564 786
640 419
253 507
436 653
536 371
570 750
331 299
668 317
802 136
