915
61 438
102 12
108 4
9 342
864 852
624 354
601 892
681 286
668 257
13 49
117 251
324 325
785 216
478 29
144 4
25 15
176 123
125 224
246 355
171 525
15 349
11 35
885 652
692 778
344 690
501 400
238 201
420 397
63 179
26 388
185 74
7 309
628 118
477 420
455 890
91 266
520 105
703 28
526 810
97 120
561 392
796 355
158 694
726 100
8 56
182 113
373 193
883 464
428 402
641 596
425 752
564 198
571 368
250 66
382 364
850 287
560 390
374 457
114 29
219 792
360 312
117 776
501 706
521 600
45 4
714 563
493 141
15 50
886 465
459 627
18 675
124 16
594 223
60 880
288 281
467 200
515 80
219 107
304 687
328 146
210 108
232 56
237 857
2 4
661 502
694 797
777 657
285 138
894 452
231 509
52 25
400 91
83 62
368 329
647 699
459 172
188 69
106 8
280 190
440 788
152 913
383 87
505 843
300 159
212 290
502 730
161 44
695 364
183 344
523 383
434 364
653 279
515 646
273 159
138 424
157 6
619 887
120 132
782 143
424 590
43 537
282 21
329 566
94 241
337 474
124 599
433 272
486 151
125 35
227 228
410 41
108 334
278 7
690 696
173 132
391 90
22 15
312 332
662 576
294 323
884 418
177 24
491 717
215 715
211 390
674 683
76 531
651 859
533 273
60 146
20 143
411 24
46 239
682 465
546 390
28 192
276 182
27 305
522 684
464 851
303 406
911 681
479 388
557 488
392 279
527 310
570 863
594 658
49 72
350 147
338 363
293 605
538 1
137 233
619 708
748 192
139 129
354 581
180 31
401 42
365 161
21 2
172 215
7 99
4 5
68 736
877 633
860 579
260 104
217 263
237 586
25 68
242 13
12 444
238 529
186 70
248 291
585 213
587 820
33 199
87 712
105 133
10 13
227 741
165 261
274 168
393 286
518 291
456 657
63 110
7 9
299 118
345 169
159 77
491 386
104 171
78 229
738 354
163 113
19 14
852 881
116 155
348 528
217 65
12 449
50 705
16 142
218 145
18 9
221 464
425 580
147 113
70 50
56 90
671 124
332 824
636 764
4 89
766 106
151 685
6 27
190 343
319 415
128 765
105 100
552 513
372 506
539 343
589 909
87 175
275 64
318 510
85 167
644 369
385 205
496 461
469 813
203 119
260 784
123 654
131 26
891 370
396 24
96 441
382 757
93 592
472 575
474 896
602 729
122 33
193 265
80 18
431 206
251 286
562 639
619 105
542 3
240 74
353 562
493 763
107 468
904 809
347 749
476 344
732 735
553 524
318 199
853 2
283 119
614 146
246 179
90 593
568 442
375 772
43 19
366 17
492 906
43 264
647 531
833 375
311 101
8 23
269 181
732 626
483 374
57 855
19 381
645 754
295 251
27 317
173 744
79 292
21 129
75 903
806 698
808 236
470 774
542 900
346 452
849 344
91 9
809 731
329 94
78 314
90 267
206 339
579 475
79 39
37 25
769 360
618 771
172 395
222 72
361 728
167 499
36 439
579 679
10 3
26 6
743 208
895 628
23 47
111 208
82 93
596 318
85 61
331 209
422 432
5 249
498 233
354 418
652 359
183 5
319 227
487 834
209 718
195 307
53 75
362 760
242 534
117 66
475 269
8 60
23 502
770 482
358 56
466 121
322 82
1 121
161 816
131 271
555 558
150 831
554 446
293 132
77 230
375 500
71 50
13 384
71 277
437 448
809 828
49 231
676 471
506 577
378 701
461 480
164 62
492 747
187 122
190 16
320 21
134 117
42 54
188 734
112 160
868 428
49 84
191 789
214 186
657 847
136 96
117 153
9 253
364 18
316 670
516 157
455 188
493 636
170 688
446 572
14 15
308 200
100 302
400 649
61 347
396 622
35 591
739 333
55 51
872 632
371 336
907 596
270 2
286 637
170 52
787 421
86 48
225 16
490 255
496 845
220 132
692 266
197 76
616 74
273 551
279 147
189 129
513 53
840 167
312 178
78 75
641 861
384 912
463 879
635 173
20 41
92 103
638 667
398 59
40 64
496 672
43 569
819 275
221 74
505 192
39 16
26 374
200 162
655 139
866 759
519 584
96 7
733 408
487 411
109 825
871 828
17 5
205 14
773 759
693 790
492 252
75 413
386 550
709 622
680 296
574 598
841 442
338 169
136 301
24 23
361 761
583 39
100 481
35 77
405 226
158 152
651 3
387 385
296 110
508 495
61 22
467 755
335 50
378 100
20 6
798 243
30 511
799 262
882 881
543 513
354 248
321 298
118 858
60 184
87 52
28 640
629 48
478 719
549 427
26 202
910 559
3 193
86 403
823 9
52 674
25 414
540 142
68 504
846 726
97 78
397 217
656 624
544 109
227 818
623 540
38 461
536 779
425 740
123 521
351 587
375 775
519 476
297 46
669 295
252 146
104 48
606 567
305 643
10 149
437 380
687 835
109 26
495 1
194 63
16 29
666 624
82 47
4 631
46 767
362 142
693 628
122 137
494 284
402 148
44 28
286 759
566 645
148 69
605 746
94 830
235 426
793 305
241 524
140 110
160 289
625 380
837 38
316 713
194 399
207 489
598 626
5 174
430 3
45 597
94 67
446 215
106 753
46 207
521 607
415 727
154 156
488 218
161 235
105 284
404 71
17 57
867 53
618 561
517 298
63 340
463 642
147 247
67 465
659 691
150 28
536 138
3 28
132 370
416 82
603 472
795 567
110 876
281 259
107 243
259 186
316 73
47 750
549 609
419 169
804 374
302 351
275 313
807 493
493 663
815 602
5 8
69 65
335 632
854 605
111 45
422 94
665 618
888 197
369 421
611 516
119 108
299 547
59 13
59 127
525 901
838 796
49 65
369 181
88 204
748 862
169 59
3 389
214 471
20 53
852 466
12 216
36 5
3 154
441 451
327 602
42 41
810 826
236 829
556 425
31 375
20 878
713 908
165 22
800 731
530 167
589 201
604 163
623 677
73 21
81 14
175 470
342 783
128 55
416 472
172 27
13 33
893 676
780 762
440 328
34 333
107 454
269 689
442 373
58 223
303 234
17 237
475 608
488 812
257 129
84 152
565 266
447 180
610 302
352 80
4 6
155 357
545 144
404 751
90 710
762 565
563 285
478 541
417 111
254 105
512 431
28 32
898 866
361 742
278 315
49 287
678 384
181 44
786 805
1 7
514 238
98 57
12 51
110 178
306 51
768 226
869 581
74 268
212 130
633 66
571 704
341 915
7 101
16 5
149 781
82 348
161 209
432 462
181 574
731 434
121 211
621 525
117 548
71 113
151 82
76 503
40 7
134 702
334 612
76 32
822 370
229 337
89 716
2 1
171 407
786 774
473 147
630 277
327 60
2 11
724 400
336 315
378 559
36 162
35 123
570 51
109 686
562 844
469 317
889 483
638 254
485 321
723 444
377 836
115 522
582 32
171 697
615 71
66 39
634 163
232 256
294 227
875 641
82 258
3 1
821 753
243 356
311 445
368 372
482 226
802 738
167 484
111 443
472 725
578 492
250 817
386 324
806 870
76 409
149 234
26 326
756 114
801 487
213 93
16 673
2 63
588 558
791 161
97 425
450 326
22 827
107 92
255 4
45 116
196 380
64 206
470 613
15 353
617 59
96 115
19 138
367 20
78 272
473 914
13 14
112 6
155 168
240 620
461 659
215 456
310 219
100 720
848 45
595 227
150 304
429 293
389 427
36 46
811 357
48 36
408 73
20 567
145 12
58 51
40 191
225 700
794 99
253 458
377 344
71 361
30 15
89 532
227 96
186 507
227 897
149 436
379 202
351 721
56 67
741 839
267 435
842 232
298 423
153 248
223 601
380 463
95 35
68 141
452 460
689 874
101 226
41 74
142 201
865 32
33 100
126 78
614 745
556 899
277 341
613 660
537 650
244 376
412 213
290 737
92 53
125 576
359 108
832 106
116 330
902 676
275 555
31 26
143 236
9 664
