20

279 206
153 177
177 147
48 178
178 133
132 179
179 51
162 180
180 114
7 181
181 12
16 182
182 90
90 183
183 103
50 184
184 11
97 185
185 57
118 186
186 123
88 187
187 144
159 188
188 63
40 189
189 103
1 190
190 112
158 191
191 86
38 192
192 131
147 193
193 79
126 194
194 17
136 195
195 69
153 196
196 169
44 197
197 160
89 198
198 101
125 199
199 19
20 200
200 14
171 201
201 61
176 202
202 160
81 203
203 44
149 204
204 17
131 205
205 49
138 206
206 52
127 207
207 166
15 208
208 13
135 209
209 96
61 210
210 157
166 211
211 32
156 212
212 8
50 213
213 80
103 214
214 171
76 215
215 163
72 216
216 100
59 217
217 172
112 218
218 92
9 219
219 61
149 220
220 133
42 221
221 154
7 222
222 156
151 223
223 167
55 224
224 104
136 225
225 73
67 226
226 34
108 227
227 173
141 228
228 175
31 229
229 144
85 230
230 67
39 231
231 126
158 232
232 63
14 233
233 143
3 234
234 49
49 235
235 70
121 236
236 63
10 237
237 134
39 238
238 37
30 239
239 31
100 240
240 152
11 241
241 138
24 242
242 171
134 243
243 110
103 244
244 128
173 245
245 8
64 246
246 175
42 247
247 7
113 248
248 149
115 249
249 19
21 250
250 32
77 251
251 40
57 252
252 98
14 253
253 117
92 254
254 43
43 255
255 131
10 256
256 174
86 257
257 157
77 258
258 105
154 259
259 77
110 260
260 107
155 261
261 122
29 262
262 93
53 263
263 87
141 264
264 58
37 265
265 174
95 266
266 86
117 267
267 80
152 268
268 13
81 269
269 126
141 270
270 114
123 271
271 95
37 272
272 101
142 273
273 49
32 274
274 109
28 275
275 21
16 276
276 53
96 277
277 138
162 278
278 14
30 279
279 7

271 174
168 185
185 45
100 186
186 101
174 187
187 82
68 188
188 144
175 189
189 166
72 190
190 146
18 191
191 9
5 192
192 97
58 193
193 179
124 194
194 166
7 195
195 98
38 196
196 169
4 197
197 142
117 198
198 152
171 199
199 40
19 200
200 49
93 201
201 100
142 202
202 26
170 203
203 157
103 204
204 67
34 205
205 53
108 206
206 21
183 207
207 48
154 208
208 26
128 209
209 78
103 210
210 70
178 211
211 71
121 212
212 2
181 213
213 180
81 214
214 113
132 215
215 167
145 216
216 70
110 217
217 83
15 218
218 161
3 219
219 60
139 220
220 44
121 221
221 151
125 222
222 93
116 223
223 33
165 224
224 141
162 225
225 143
18 226
226 136
151 227
227 135
66 228
228 7
157 229
229 93
128 230
230 110
68 231
231 17
107 232
232 26
62 233
233 115
88 234
234 63
84 235
235 183
96 236
236 160
159 237
237 48
121 238
238 123
130 239
239 98
114 240
240 181
54 241
241 3
169 242
242 162
147 243
243 177
3 244
244 171
38 245
245 66
133 246
246 117
40 247
247 112
83 248
248 21
58 249
249 79
78 250
250 44
115 251
251 46
12 252
252 16
28 253
253 166
146 254
254 96
154 255
255 53
5 256
256 146
169 257
257 74
76 258
258 81
87 259
259 64
35 260
260 17
152 261
261 52
92 262
262 146
15 263
263 53
121 264
264 57
103 265
265 165
154 266
266 103
138 267
267 173
32 268
268 18
12 269
269 147
144 270
270 122
62 271
271 56

329 1717
49 146
160 123
324 28
309 112
167 13
142 174
308 101
170 130
321 18
102 295
252 266
180 95
71 141
55 247
35 155
5 84
13 20
14 162
4 36
243 307
213 2
196 93
53 175
68 141
247 105
160 171
52 105
143 82
58 141
189 272
91 96
193 280
139 177
185 6
313 57
208 161
318 298
46 175
170 229
30 265
33 59
155 74
308 107
292 186
304 280
324 288
60 240
49 52
107 183
131 71
191 33
140 143
146 175
184 262
44 120
48 123
105 126
32 202
196 67
166 261
152 41
16 163
293 142
172 286
247 236
320 302
144 193
55 210
168 199
95 89
175 81
327 303
190 232
177 24
34 44
208 263
125 271
234 106
62 138
46 192
284 128
37 259
58 79
317 72
53 131
258 262
78 181
190 100
47 16
178 225
206 240
272 299
246 271
48 187
303 316
188 57
309 129
112 323
76 140
5 152
117 254
177 185
144 78
239 250
41 7
151 222
134 114
154 155
105 226
251 15
296 83
153 33
279 122
138 192
90 249
312 307
185 43
168 45
187 206
71 62
292 73
32 214
182 266
274 162
5 18
134 117
301 17
29 140
93 292
270 57
165 301
39 185
107 25
98 243
81 284
50 187
165 15
58 203
314 177
297 159
299 175
203 293
240 153
242 62
206 40
120 169
324 20
293 114
77 261
48 21
139 283
95 203
100 329
7 239
288 24
126 232
200 319
6 45
91 205
199 99
211 164
86 307
144 27
27 131
242 283
80 194
134 94
119 99
107 238
55 13
40 165
24 84
81 101
230 61
267 5
324 50
313 122
259 287
214 202
143 250
165 169
318 116
250 178
215 30
17 243
260 68
48 220
180 147
273 282
238 84
168 240
169 134
44 168
154 47
193 24
253 126
167 249
249 289
142 322
171 324
67 119
294 87
281 194
156 108
267 51
292 9
59 270
23 171
124 66
288 267
253 119
257 283
262 20
232 189
268 299
258 314
60 69
121 81
283 302
157 147
241 258
44 158
135 113
297 110
97 57
261 102
9 21
91 85
180 74
202 219
257 169
130 217
162 147
153 25
121 90
205 277
260 192
212 313
216 188
255 176
80 22
154 171
224 187
205 119
161 241
123 83
220 47
66 326
43 245
133 310
318 313
149 86
43 2
88 259
215 213
235 180
290 12
170 131
261 104
210 311
196 297
179 166
293 327
137 272
67 94
256 309
39 308
282 212
93 150
230 273
288 279
286 107
142 289
246 149
130 23
110 222
102 294
229 244
107 78
326 283
182 97
123 206
78 161
247 97
123 191
251 98
15 111
51 315
220 52
265 166
70 73
91 257
203 37
134 320
210 145
121 231
194 247
124 116
226 113
316 312
27 64
177 230
18 184
37 39
148 30
163 181
184 270
117 235
190 147
210 136
159 321
311 223
61 73
103 153
219 107
188 76
264 79
84 13
252 209
15 311
162 201
18 194
43 214
267 93
283 91
32 276
221 86
5 47
6 183
176 142
287 95
18 170
311 69
25 100
319 5
314 74
61 292
101 258
263 119
157 91
14 49
58 87
208 29
83 69
48 97
123 273
142 149
292 258
240 268
279 111
150 324
247 250
69 321
70 26
181 45
239 300
109 315
95 183
215 132
106 248
222 217
227 238
229 137
49 72
197 261
72 183
20 244
205 325
119 267
43 74
102 285
255 314
10 87
229 33
45 148
270 150
203 145
277 224
61 222
119 29
305 223
223 99
43 50
265 204
325 106
183 267
23 247
266 85
287 162
289 327
37 124
38 271
98 122
62 76
155 225
142 161
204 165
43 154
229 187
326 165
23 159
307 5
327 190
190 126
134 273
36 105
32 230
190 8
83 206
66 106
123 103
128 102
15 167
328 54
41 329
247 256
30 318
137 119
77 148
29 254
53 232
249 136
109 65
151 107
308 329
39 92
117 50
176 113
235 203
58 125
172 5
173 145
232 296
288 247
135 91
148 110
64 155
234 16
296 62
62 240
318 261
249 2
284 90
24 210
189 211
27 248
301 324
30 296
325 78
228 300
312 77
102 304
323 120
197 4
126 186
222 101
310 301
78 242
226 203
284 34
269 125
74 23
257 192
205 213
261 212
10 283
158 34
196 241
17 84
218 130
113 88
14 214
161 290
199 174
124 11
20 54
313 36
208 190
322 279
186 320
5 258
122 184
56 294
98 161
299 311
287 116
59 253
196 84
27 174
195 32
144 285
170 171
2 298
20 61
229 310
158 199
144 231
127 28
310 89
117 22
63 78
211 81
85 61
253 1
125 317
322 71
196 298
108 1
61 149
302 161
256 163
60 83
260 32
191 61
304 74
170 248
228 54
32 265
224 219
298 68
317 147
36 186
184 35
293 154
153 66
209 109
256 301
43 226
69 244
100 96
57 179
198 57
98 74
44 18
227 306
127 213
75 307
297 192
174 307
135 60
301 265
49 187
11 67
177 148
50 154
315 2
201 239
148 31
197 288
54 321
111 144
160 328
219 307
75 22
166 163
169 221
31 13
191 185
140 23
288 317
315 27
6 262
275 300
49 36
235 106
198 114
312 295
113 199
282 41
102 35
232 30
124 20
72 18
145 204
186 6
115 148
165 140
188 147
32 277
253 62
219 242
274 174
162 110
219 99
202 233
14 135
90 252
91 173
316 29
309 143
93 242
44 103
37 64
155 29
139 327
231 270
178 150
268 161
224 109
246 201
254 153
194 274
86 300
307 49
308 161
309 136
213 167
54 3
245 246
250 156
197 206
163 114
31 179
118 298
73 321
259 298
208 125
44 198
284 239
142 245
71 49
224 285
140 59
131 18
131 245
100 153
177 58
161 192
220 120
81 105
66 136
67 42
306 36
257 19
102 76
248 299
29 122
253 81
122 2
213 169
222 57
16 298
269 88
257 251
173 71
235 79
166 110
315 282
61 327
214 177
37 302
69 93
36 106
63 261
31 145
270 97
8 6
277 241
80 161
166 189
199 90
40 54
24 197
207 170
284 244
89 84
74 221
202 278
68 72
19 59
317 290
156 224
49 26
133 208
253 139
54 265
312 216
111 200
99 71
317 4
211 180
325 68
68 106
171 297
153 294
211 37
196 140
162 44
243 171
37 231
61 225
32 36
115 223
132 7
176 105
52 225
143 202
309 259
309 254
308 58
319 187
5 102
136 288
139 150
313 34
79 144
157 145
272 63
111 222
223 79
212 233
35 272
253 107
297 90
227 281
122 33
36 142
148 125
294 244
24 3
246 134
67 103
322 229
107 275
254 70
92 101
25 36
299 8
185 97
315 319
264 133
193 225
176 103
179 50
72 88
255 178
313 261
297 67
201 242
77 170
225 212
245 174
320 27
275 118
158 181
169 298
278 132
171 58
140 157
54 23
127 31
201 300
21 25
78 42
139 98
33 46
276 73
102 218
47 112
158 45
34 7
218 149
31 203
280 187
82 292
250 223
243 158
135 306
255 66
41 261
234 214
103 179
93 148
172 82
265 11
36 84
94 173
224 220
226 125
64 309
101 197
121 324
176 228
196 274
186 325
145 148
281 52
139 178
195 17
76 276
265 163
156 73
271 308
312 130
25 168
121 220
272 170
75 232
296 235
262 94
221 71
88 77
124 238
324 291
40 293
170 2
59 112
229 288
28 138
78 142
54 36
311 192
30 53
52 122
53 303
40 215
137 220
174 315
55 76
321 24
89 100
92 247
165 135
97 228
151 259
201 6
184 74
22 20
153 171
196 271
287 80
328 159
106 28
252 211
205 227
135 45
197 292
268 69
127 56
329 113
195 239
248 238
42 34
316 114
137 95
101 275
325 125
75 7
244 312
89 230
122 246
236 18
240 85
293 213
214 116
38 166
6 63
137 316
246 206
288 101
311 262
263 110
202 137
61 82
91 13
131 28
227 16
46 290
139 204
161 191
270 60
182 162
72 35
209 203
296 294
188 268
206 87
250 53
112 62
292 207
79 1
321 211
273 155
294 46
79 182
109 229
255 26
207 167
284 314
289 212
273 114
1 21
111 301
99 160
124 168
220 193
240 122
38 269
47 49
158 108
304 187
233 235
323 188
15 274
15 201
127 116
182 188
187 291
205 128
25 247
283 129
76 179
7 80
46 85
248 17
288 18
215 2
16 210
39 208
77 29
277 240
120 75
46 311
68 171
216 308
270 17
241 284
193 4
47 225
140 82
215 309
2 111
166 241
267 228
269 248
290 95
311 8
231 298
274 20
38 197
61 231
32 46
264 219
287 266
90 82
128 246
93 39
25 319
281 280
83 113
213 264
142 321
308 60
237 114
95 291
150 129
135 290
11 43
145 139
293 19
124 204
296 152
246 140
197 147
188 13
189 320
54 280
148 280
294 267
116 148
121 199
303 102
109 264
249 304
157 327
36 143
225 210
102 27
193 265
13 30
20 48
300 155
251 185
145 319
29 47
121 190
54 89
129 182
11 202
206 280
31 236
235 321
145 22
130 175
224 190
151 24
182 251
183 86
24 186
25 44
263 30
47 328
233 177
18 117
44 143
263 175
61 34
246 102
89 297
145 15
228 210
287 12
40 114
222 325
156 115
49 143
89 194
30 266
35 262
119 190
103 111
236 71
192 37
318 144
85 235
161 128
1 180
55 121
245 32
65 151
303 149
73 247
24 322
190 228
23 95
196 64
58 33
167 140
171 201
220 128
296 123
205 31
212 55
74 48
294 302
205 310
302 140
33 48
166 313
152 45
9 63
38 178
21 277
45 36
211 324
139 163
13 59
61 192
311 314
66 218
90 155
109 152
255 201
186 125
170 211
25 185
67 274
213 138
70 214
275 116
22 21
123 78
128 182
252 298
220 150
246 253
19 232
279 209
231 248
109 326
238 26
48 109
72 99
293 43
296 193
154 291
111 51
286 256
144 164
162 223
273 320
187 205
43 192
27 266
86 299
309 141
42 264
315 186
317 93
83 70
179 100
235 131
321 182
279 1
124 243
81 125
136 171
233 247
197 281
326 183
92 46
37 160
23 141
263 105
12 303
35 323
23 226
112 56
147 84
150 227
101 234
31 164
89 165
198 202
316 1
192 31
78 253
303 206
72 186
205 141
23 138
207 217
247 310
7 145
223 313
264 325
105 71
237 141
11 247
179 227
237 30
222 199
167 311
66 134
305 220
162 232
211 178
46 224
325 87
313 221
170 190
137 15
285 159
28 180
249 131
95 324
298 173
228 302
182 189
149 44
8 26
281 156
283 128
302 81
96 111
307 6
221 31
99 277
26 31
318 113
198 172
1 299
256 93
311 50
136 248
269 79
166 20
90 217
17 143
74 72
99 64
2 108
283 54
214 57
162 19
328 322
130 200
162 130
18 255
258 251
165 205
201 135
260 297
244 182
174 60
196 305
270 198
237 113
202 213
239 40
299 143
118 65
16 273
126 1
62 247
191 26
250 296
160 107
57 34
277 114
174 49
243 5
151 323
195 166
246 141
92 104
202 47
83 288
163 239
229 242
191 144
104 10
140 120
305 322
52 101
35 274
166 283
193 159
68 307
132 209
14 213
15 132
181 241
147 321
111 112
276 155
278 131
279 190
120 104
321 57
106 71
234 144
168 233
67 304
284 218
32 163
33 43
270 296
57 157
20 279
171 229
128 75
46 29
96 319
187 37
225 234
300 252
322 250
214 259
150 282
62 264
160 112
2 216
16 36
219 146
94 168
132 304
78 91
208 272
324 241
53 323
74 15
257 40
186 299
206 245
210 8
3 150
64 116
214 228
327 138
292 184
166 268
277 189
239 271
116 122
280 307
279 197
301 269
23 192
261 53
53 179
28 188
59 148
301 64
288 91
1 140
235 183
222 308
23 104
227 94
135 57
96 253
32 207
165 109
186 319
314 270
265 277
305 190
72 159
220 15
19 254
173 308
194 26
96 244
34 182
239 243
266 5
305 38
33 185
183 29
281 13
161 170
26 142
48 292
107 41
298 236
111 267
289 191
271 123
76 225
292 122
154 157
84 161
174 289
12 211
202 20
187 95
250 248
325 293
191 91
49 163
216 194
308 165
73 293
77 277
78 22
43 80
35 298
309 322
98 109
327 70
182 318
94 1
231 233
142 241
153 326
134 288
106 302
288 325
275 259
269 35
198 203
254 52
264 284
42 18
249 97
256 151
272 119
110 104
57 109
91 4
121 136
27 57
78 17
12 248
107 247
161 264
326 23
77 305
26 226
46 225
22 94
25 298
6 329
124 170
130 247
16 301
273 146
62 195
186 177
52 279
37 299
153 230
8 234
246 14
124 161
27 55
29 146
231 303
36 228
183 119
208 214
64 48
302 238
152 276
18 20
312 212
97 184
212 290
232 107
219 176
310 233
268 232
270 252
262 31
234 21
34 86
39 203
278 255
50 118
74 243
152 260
45 252
225 317
90 80
309 242
55 295
280 51
29 243
216 91
274 327
277 159
78 239
134 77
245 267
218 303
93 284
208 196
86 238
25 200
232 89
80 29
150 158
84 217
86 118
34 104
226 182
301 243
49 154
52 324
70 111
115 169
47 254
161 12
202 270
4 195
7 182
28 217
139 307
227 212
181 240
80 306
6 5
13 109
11 91
146 212
294 147
61 39
121 191
176 233
301 84
34 122
327 110
274 118
172 223
213 3
219 299
262 208
135 98
270 304
55 267
17 58
41 76
149 307
45 55
60 111
154 203
51 161
87 248
147 191
188 139
264 182
193 240
224 223
295 273
81 141
246 127
289 259
272 197
113 71
296 118
43 329
153 46
28 179
280 308
69 240
145 288
147 196
222 161
165 99
207 23
78 87
26 121
26 266
299 216
246 316
26 189
215 270
315 169
206 119
26 44
286 207
52 214
68 56
320 203
156 180
106 129
237 63
297 205
153 80
323 215
150 295
8 114
157 68
158 295
57 80
5 144
98 274
195 235
69 115
292 214
113 300
59 165
153 168
13 161
90 88
114 261
42 38
318 139
325 224
91 168
309 17
274 85
22 192
171 16
32 111
109 324
224 268
150 100
99 137
322 15
253 58
166 297
154 163
231 269
241 54
249 86
199 117
280 272
320 306
174 6
325 122
163 275
128 324
236 94
123 225
13 269
125 8
93 127
185 314
197 193
180 15
220 102
209 70
173 88
321 119
54 302
222 273
299 134
227 125
145 178
27 178
180 103
311 33
156 152
176 177
105 237
88 51
128 52
41 134
298 185
120 57
46 289
234 297
159 2
176 74
201 86
74 172
296 297
270 232
271 81
81 220
191 302
277 235
225 298
106 127
22 236
264 255
33 115
52 265
296 272
23 327
8 228
62 315
28 255
287 62
167 302
298 171
138 231
230 60
111 198
3 73
152 311
27 244
90 79
308 186
114 121
318 119
15 61
63 298
238 174
95 318
193 290
122 120
268 308
306 67
168 96
65 165
157 130
17 141
328 59
257 97
60 37
23 147
118 162
263 79
88 294
90 86
96 166
297 107
249 290
268 233
236 104
19 63
318 201
322 148
126 28
276 136
208 206
45 106
253 306
194 128
11 132
177 201
73 8
138 261
241 116
316 79
82 275
14 258
201 172
185 234
166 4
77 12
295 85
66 232
91 301
242 92
266 227
179 40
142 220
100 209
265 124
174 166
272 218
202 218
209 4
138 8
230 73
130 286
295 82
205 46
193 115
161 106
172 97
210 172
29 83
323 298
81 168
106 163
269 224
134 60
104 298
326 98
184 130
21 171
225 320

242 146
110 170
170 75
92 171
171 61
158 172
172 32
6 173
173 61
86 174
174 142
63 175
175 36
80 176
176 158
10 177
177 134
30 178
178 8
79 179
179 34
42 180
180 47
3 181
181 63
42 182
182 14
74 183
183 116
102 184
184 77
70 185
185 118
152 186
186 161
54 187
187 118
26 188
188 52
118 189
189 116
64 190
190 60
109 191
191 24
45 192
192 145
4 193
193 37
153 194
194 88
161 195
195 110
48 196
196 130
120 197
197 118
40 198
198 94
100 199
199 134
165 200
200 109
107 201
201 123
98 202
202 34
40 203
203 125
165 204
204 92
12 205
205 28
161 206
206 60
58 207
207 153
59 208
208 75
98 209
209 135
58 210
210 117
14 211
211 138
99 212
212 140
23 213
213 122
126 214
214 99
86 215
215 44
54 216
216 49
130 217
217 94
54 218
218 47
76 219
219 120
21 220
220 70
136 221
221 166
41 222
222 3
51 223
223 107
44 224
224 72
130 225
225 83
138 226
226 36
123 227
227 149
85 228
228 6
57 229
229 69
95 230
230 105
36 231
231 6
53 232
232 61
116 233
233 102
6 234
234 148
33 235
235 70
138 236
236 20
105 237
237 132
136 238
238 22
116 239
239 111
95 240
240 53
80 241
241 106
99 242
242 42

390 1831
115 177
177 310
34 153
70 246
20 273
178 194
329 374
119 90
174 291
107 268
330 104
330 8
287 263
271 24
329 33
147 38
113 263
166 267
226 126
341 228
21 263
172 296
148 244
325 326
19 209
132 172
211 291
380 103
26 219
46 30
285 361
236 51
75 247
4 185
81 343
137 69
321 224
185 337
95 265
319 80
72 147
53 330
373 24
32 91
189 11
355 255
68 118
59 150
190 122
294 20
140 311
160 40
40 99
353 236
281 178
355 151
138 365
283 281
157 74
14 1
72 233
19 332
118 234
48 114
271 39
198 338
190 125
222 231
282 184
30 64
343 348
257 49
134 162
310 62
113 338
169 149
215 319
67 279
90 9
325 237
47 16
270 188
110 266
234 188
147 365
95 56
167 86
233 155
236 333
61 291
379 69
243 255
7 309
157 307
257 146
348 386
319 173
33 84
11 338
94 346
331 4
134 156
230 351
290 381
124 40
289 197
37 309
270 287
382 245
55 380
137 106
53 262
246 194
2 334
380 42
35 10
185 44
385 79
314 95
119 335
174 14
326 197
4 252
177 171
160 274
222 99
20 208
339 171
141 22
117 343
364 225
314 288
23 22
10 57
68 186
343 175
39 182
354 241
379 251
237 324
206 91
134 281
69 86
35 218
293 195
294 211
169 77
150 249
319 169
194 95
196 367
240 257
372 168
86 192
333 334
355 161
66 331
230 149
159 155
329 17
232 77
7 361
252 347
371 347
249 128
275 41
177 54
179 237
363 120
347 137
135 245
283 347
378 154
273 289
60 47
230 140
359 93
315 219
121 152
85 343
50 164
180 125
70 27
182 361
37 111
57 190
172 156
226 149
121 265
37 240
131 119
223 206
337 289
356 80
180 290
165 193
259 260
97 353
337 178
237 23
329 3
131 350
129 49
388 250
328 325
164 286
100 179
306 128
25 84
372 133
67 389
343 179
18 13
257 121
232 84
382 176
327 170
334 95
6 239
281 284
28 197
106 267
34 252
82 148
319 205
324 152
225 307
102 29
11 357
313 240
99 115
372 307
320 356
377 168
288 258
255 380
336 169
86 5
98 83
352 105
354 325
227 209
269 119
185 242
388 14
377 192
287 343
98 378
117 14
372 314
266 292
303 98
344 113
73 168
221 96
276 64
260 282
27 100
211 54
268 330
106 381
314 366
317 243
85 220
1 165
359 188
47 316
146 265
244 379
137 90
28 210
285 263
251 84
341 277
89 292
291 119
93 213
28 321
288 73
252 378
35 122
147 331
38 229
367 236
299 4
325 244
294 313
333 210
189 248
104 123
123 380
202 318
130 51
388 197
324 314
110 367
204 157
251 218
199 154
196 54
34 313
163 368
75 25
44 130
11 75
143 53
169 125
387 50
388 281
321 231
213 305
186 77
203 199
79 194
228 197
10 16
339 369
89 236
99 7
66 196
231 201
214 131
362 264
29 54
126 368
55 172
293 60
389 158
102 201
163 87
40 213
280 142
245 132
355 9
93 368
38 14
134 168
232 22
68 239
184 270
265 56
194 206
70 211
129 150
262 74
227 274
323 72
184 55
27 387
228 256
160 32
235 107
302 47
77 352
22 190
78 11
316 351
297 157
363 265
94 139
149 228
336 309
119 129
123 66
251 9
217 380
304 157
170 384
321 20
19 349
148 213
349 105
312 156
5 338
380 251
276 386
163 74
279 117
135 144
176 276
325 215
273 324
93 347
384 337
174 4
52 318
143 225
303 26
361 231
287 188
168 332
78 132
366 81
191 314
106 248
254 48
245 141
225 286
322 294
158 143
162 297
126 78
205 144
237 330
37 317
248 146
356 147
322 31
299 174
339 170
147 274
293 170
297 303
115 285
338 102
169 357
14 10
309 288
240 233
131 362
170 268
100 48
58 211
136 206
27 169
13 195
237 26
113 20
390 141
283 325
174 355
141 159
90 211
369 296
47 222
271 43
311 128
131 339
386 249
320 136
71 181
130 242
77 142
266 47
344 376
189 336
264 25
29 263
52 355
187 294
372 295
9 60
194 377
286 243
240 231
151 304
16 93
270 248
81 209
241 120
131 233
234 41
90 367
4 264
283 236
288 134
126 106
207 362
333 383
66 346
375 307
317 118
266 78
37 23
366 146
135 163
322 43
16 227
179 205
58 290
278 242
65 188
212 114
144 327
22 312
248 326
33 4
129 166
293 21
26 109
44 258
153 102
62 104
139 151
54 363
369 379
253 292
9 314
191 6
324 40
290 309
5 281
336 27
300 49
339 118
243 199
219 374
259 386
290 106
319 245
111 119
281 211
247 375
349 57
72 87
331 348
246 105
156 340
322 76
106 161
145 16
245 175
7 192
101 37
342 305
272 354
184 132
8 82
91 317
92 18
348 132
208 68
99 96
135 102
75 251
244 324
213 302
361 160
218 148
330 7
204 233
296 139
389 376
312 267
367 239
332 259
48 240
199 45
238 120
18 308
390 43
71 132
131 51
388 85
83 129
176 370
233 300
345 253
279 313
300 21
379 187
224 210
81 130
50 297
36 161
130 369
315 122
343 328
181 200
81 139
313 64
225 361
29 299
286 184
59 368
386 192
60 282
243 234
267 359
353 219
127 210
248 78
105 158
161 156
244 127
353 226
337 360
338 374
139 62
290 363
28 128
30 377
101 241
139 329
175 192
366 369
367 146
60 128
228 244
299 326
319 31
217 48
188 60
244 385
46 198
145 204
99 133
360 301
383 197
384 379
64 272
356 374
157 312
216 22
320 99
154 340
286 258
90 252
15 234
308 352
97 134
280 268
359 2
145 264
300 268
350 142
355 276
195 213
216 110
159 310
53 138
224 254
280 117
62 88
324 262
289 300
294 63
214 317
90 199
134 170
121 17
50 47
33 109
244 262
374 377
140 133
118 108
215 116
259 80
100 377
365 131
281 140
194 160
231 229
99 184
78 140
214 210
361 293
2 378
285 173
353 150
44 302
318 163
325 216
292 23
118 348
25 152
132 244
298 28
318 219
341 154
257 251
258 4
88 172
89 34
108 215
145 347
364 361
148 379
186 178
207 28
190 303
293 194
33 112
273 116
145 50
185 286
386 89
132 243
280 81
179 239
345 32
326 2
24 272
152 314
339 98
195 380
348 345
59 355
334 156
286 3
385 370
134 87
49 340
157 238
112 177
132 137
116 22
282 247
138 336
323 171
73 381
364 351
4 67
277 107
48 173
233 103
385 218
95 147
66 130
357 14
104 337
7 212
300 354
269 287
141 56
53 353
211 259
310 117
242 32
173 376
72 42
201 119
3 201
295 368
297 81
316 256
105 38
279 54
82 270
173 26
257 379
34 275
384 206
373 169
277 307
171 234
273 117
379 15
128 114
170 46
10 122
254 70
92 101
347 151
258 307
50 100
179 389
146 70
239 273
349 56
205 275
278 124
230 174
44 38
15 18
199 273
313 374
88 231
179 285
222 349
82 70
283 318
270 386
294 260
8 34
10 266
198 130
387 198
82 360
322 68
300 94
239 66
135 263
28 323
307 268
199 159
327 106
232 35
75 293
3 148
260 379
50 348
325 33
92 153
369 79
386 167
244 151
317 146
301 56
310 270
149 143
279 90
10 23
120 36
379 348
74 8
312 275
369 358
263 13
217 77
325 40
168 220
279 312
249 348
383 356
58 32
114 389
334 280
151 354
245 323
121 333
213 319
129 320
60 243
372 122
31 105
46 181
136 374
199 34
384 161
76 354
118 150
29 52
69 141
288 295
8 166
328 91
358 165
196 221
164 297
275 294
284 21
331 18
225 353
117 120
14 235
250 347
159 178
43 7
312 144
153 365
250 240
101 367
284 334
123 261
232 224
383 362
291 21
231 360
239 280
205 227
356 17
147 214
111 265
43 89
308 67
238 339
220 298
131 129
8 287
246 68
160 202
185 182
303 313
214 315
78 327
70 33
173 243
310 389
43 193
306 195
114 86
205 290
243 83
189 19
317 94
375 157
195 299
144 65
8 111
134 113
13 214
17 19
312 327
203 296
261 370
300 280
104 382
291 353
224 263
25 141
354 109
322 2
53 146
56 170
238 150
38 275
388 381
388 169
231 262
167 319
298 186
267 19
90 312
347 212
298 333
138 268
230 341
303 188
34 365
327 383
2 130
330 311
223 257
372 384
316 358
155 125
122 248
359 128
287 167
180 99
275 145
7 243
66 22
30 16
180 111
354 285
262 370
342 369
90 259
124 57
347 346
207 213
387 246
244 277
213 168
69 83
291 169
246 160
104 196
322 135
382 117
12 324
141 157
114 56
308 325
3 68
194 368
56 208
112 354
167 196
151 142
172 17
340 197
199 311
36 107
276 23
282 311
195 65
34 65
232 218
289 230
131 346
190 166
123 308
124 190
239 32
205 80
13 85
335 331
63 269
215 27
221 368
66 297
31 46
363 3
308 331
2 247
349 44
211 183
69 189
336 289
153 242
354 8
7 70
155 89
287 155
24 54
280 160
183 207
35 67
327 385
20 34
124 320
260 78
67 9
128 387
77 341
42 130
336 38
262 233
86 347
179 39
385 151
313 250
60 354
316 212
360 358
304 44
180 78
271 177
203 362
386 371
377 83
283 252
247 167
230 37
267 45
236 180
45 240
69 175
381 56
224 200
358 81
196 294
33 140
380 317
75 265
371 312
209 120
190 42
11 270
96 355
348 24
97 280
211 221
233 200
69 263
41 336
336 20
250 342
322 74
178 272
363 193
143 72
4 351
134 389
216 18
249 170
49 5
216 360
144 287
192 70
303 135
326 241
382 274
149 83
225 2
351 139
61 380
243 25
207 7
64 319
355 349
235 326
226 247
193 203
204 97
151 17
45 57
135 262
35 127
189 132
286 332
53 58
3 151
47 139
175 70
213 255
173 236
304 357
88 71
304 244
312 23
374 155
103 333
307 206
116 307
156 268
223 356
207 21
174 198
19 109
227 206
344 306
190 81
217 85
38 101
177 138
213 129
362 134
199 359
20 298
242 198
315 4
244 230
177 27
108 104
242 345
304 226
71 261
48 231
329 79
275 7
99 158
13 277
300 5
176 59
12 68
55 365
304 328
268 173
18 174
356 71
131 40
63 322
85 134
378 368
19 232
276 279
223 338
91 272
238 133
78 185
280 112
137 314
338 32
339 265
386 97
60 8
65 115
66 355
67 198
338 307
348 376
188 383
281 305
10 209
195 215
233 40
284 192
255 305
38 281
245 235
341 141
220 100
225 282
317 378
231 153
90 197
165 288
186 256
72 317
22 257
8 101
279 231
381 301
215 253
182 91
94 233
242 155
334 134
194 214
322 3
200 166
383 256
361 290
40 265
296 94
118 296
119 1
341 7
93 337
5 304
356 15
326 372
117 204
10 195
385 365
245 296
65 367
269 93
159 9
182 186
163 272
105 133
192 133
387 190
32 137
361 69
218 51
129 95
239 172
384 136
189 61
32 248
359 184
71 185
92 277
149 120
194 91
201 187
331 94
26 381
376 175
139 163
72 381
129 39
330 215
97 363
228 96
251 372
105 84
368 40
328 232
136 248
82 291
361 277
16 232
220 246
295 165
159 255
310 121
24 274
79 308
176 386
287 268
238 192
167 123
328 322
195 73
107 302
256 12
276 337
307 231
162 245
273 286
240 130
40 63
223 141
2 103
39 46
223 285
84 354
340 212
251 76
197 24
235 349
129 211
204 256
225 304
249 7
364 336
384 201
131 314
375 261
361 33
116 320
335 230
160 50
139 292
160 329
3 344
227 172
144 290
347 144
23 79
205 163
118 177
51 248
320 192
7 183
101 168
304 369
301 362
6 117
286 67
88 226
306 105
362 90
318 223
255 94
244 90
322 274
107 95
290 331
330 242
297 48
48 84
47 132
213 236
163 100
378 377
26 304
320 29
251 131
101 64
368 356
371 177
9 297
212 138
178 38
175 179
7 20
174 74
375 272
1 91
350 54
373 298
191 279
358 182
125 196
184 31
257 354
259 2
5 95
7 367
318 341
323 225
108 147
271 316
361 206
48 243
335 193
125 127
142 11
207 158
173 346
194 225
90 62
41 37
289 268
110 188
292 370
94 34
277 252
66 86
108 317
346 141
364 284
202 67
39 226
226 349
65 150
285 62
161 112
98 214
271 131
30 370
305 366
380 211
242 204
79 89
207 20
335 195
195 139
380 322
257 380
246 224
51 319
260 17
189 149
322 374
44 117
180 386
346 381
12 336
365 122
280 99
239 91
289 68
220 15
187 190
23 97
53 234
263 125
161 2
131 269
102 54
55 161
166 126
321 245
379 59
130 139
244 29
160 328
233 149
361 104
234 230
209 375
67 282
196 190
293 42
242 249
81 234
335 222
373 279
108 95
335 272
377 10
382 187
158 129
365 142
94 340
242 14
279 364
103 368
161 28
307 45
308 165
238 34
24 351
195 214
192 102
365 101
227 156
82 316
269 42
295 128
228 306
339 273
323 203
374 255
47 207
324 106
283 45
385 210
71 202
262 51
53 257
185 377
223 209
280 238
50 82
88 161
203 109
386 112
207 216
356 8
111 294
244 264
7 92
236 2
280 70
335 382
160 209
34 384
269 92
271 199
304 134
307 147
376 355
340 262
214 189
98 304
334 142
210 355
372 339
290 75
364 70
275 152
222 60
387 9
226 35
64 138
190 5
250 284
183 239
154 101
210 203
191 127
148 245
173 155
38 306
216 77
143 105
148 100
331 268
263 373
87 81
125 158
283 138
222 381
66 153
377 47
72 357
258 144
352 160
158 375
380 163
273 243
55 144
224 148
99 362
227 372
246 176
191 346
276 338
43 140
189 357
193 98
380 75
370 113
358 333
326 337
28 203
194 50
307 388
346 316
56 79
247 59
362 105
60 292
249 6
105 348
216 260
88 118
215 197
128 207
302 289
31 248
162 34
150 158
245 217
173 23
221 320
187 33
250 304
145 241
24 360
194 149
178 388
129 179
306 223
372 97
100 174
84 224
64 28
210 23
102 9
309 41
206 27
359 124
175 104
328 272
1 65
383 330
28 208
359 205
35 235
346 265
183 35
150 168
83 247
233 294
382 385
384 288
352 286
373 184
46 22
83 68
388 219
227 264
232 264
179 173
322 242
26 171
287 320
149 90
338 280
148 200
12 89
199 371
297 178
311 124
77 89
191 364
176 374
256 190
21 370
155 279
265 379
128 223
17 266
291 321
184 261
149 99
354 77
372 284
319 311
262 93
13 175
346 226
37 70
224 69
95 375
33 230
228 287
17 370
383 8
353 237
64 120
68 237
168 198
386 5
363 286
155 7
23 386
151 372
31 281
89 258
109 116
256 29
170 8
327 82
184 164
225 358
10 346
378 230
144 199
95 71
129 233
254 342
65 385
174 214
322 167
215 101
54 173
55 209
65 207
83 152
306 31
358 34
369 270
82 32
85 117
271 384
387 338
221 336
123 287
35 292
202 351
169 91
170 107
383 86
275 236
150 326
177 100
208 131
280 272
270 367
93 206
152 330
195 300
253 51
202 141
274 366
117 318
104 210
157 89
180 15
353 152
389 330
341 124
107 137
348 194
276 295
205 327
190 318
10 375
121 21
231 232
144 44
152 156
32 236
200 168
238 149
3 368
388 148
10 169
252 132
218 321
258 350
242 379
61 192
63 379
340 105
111 176
115 309
45 151
269 377
74 275
340 350
115 111
151 288
389 85
104 177
268 252
199 322
310 180
94 97
317 275
191 302
139 198
164 198
367 372
205 377
371 113
189 202
136 42
248 303
341 125
279 356
83 95
124 171
128 147
170 79
173 50
316 322
26 379
60 50
49 125
144 130
239 326
90 79
308 41
292 291
60 199
151 248
305 320
299 358
111 300
86 98
291 32
224 13
214 281
63 219
286 357
228 105
48 170
144 8
71 24
26 100
134 269
248 172
339 215
124 268
162 17
145 47
366 362
223 167
65 368
181 228
312 365
21 144
189 356
299 25
247 359
211 184
176 118
218 10
310 225
298 98
321 259
271 181
151 14
279 53
136 317
291 46
347 157
204 258
281 196
135 225
319 388
235 54
328 41
364 338
165 244
148 284
294 279
304 50
69 163
291 249
95 132
23 363
34 246
14 67
71 118
201 294
256 322
385 191
149 78
352 182
387 258
374 45
379 146
179 49
218 28
335 233
364 162
368 165
99 384
209 125
29 373
201 350
144 341
188 7
171 57
246 320
374 181

287 202
53 187
187 143
66 188
188 34
124 189
189 182
169 190
190 50
102 191
191 146
131 192
192 31
128 193
193 178
117 194
194 73
50 195
195 182
119 196
196 112
66 197
197 41
133 198
198 70
90 199
199 130
58 200
200 159
7 201
201 154
128 202
202 22
153 203
203 20
19 204
204 173
175 205
205 36
2 206
206 37
69 207
207 11
42 208
208 109
9 209
209 157
134 210
210 185
139 211
211 14
3 212
212 173
38 213
213 21
35 214
214 127
163 215
215 50
81 216
216 145
8 217
217 143
79 218
218 155
12 219
219 65
39 220
220 42
161 221
221 21
32 222
222 104
108 223
223 41
72 224
224 183
110 225
225 132
53 226
226 59
86 227
227 156
128 228
228 163
30 229
229 102
121 230
230 132
53 231
231 91
44 232
232 103
2 233
233 55
54 234
234 63
64 235
235 162
74 236
236 63
55 237
237 115
51 238
238 92
51 239
239 81
172 240
240 182
183 241
241 84
155 242
242 93
113 243
243 174
18 244
244 141
39 245
245 143
123 246
246 130
114 247
247 69
51 248
248 14
75 249
249 85
56 250
250 1
166 251
251 49
122 252
252 121
107 253
253 11
9 254
254 80
110 255
255 123
174 256
256 64
154 257
257 71
3 258
258 4
105 259
259 104
138 260
260 149
34 261
261 163
90 262
262 4
83 263
263 31
33 264
264 172
64 265
265 19
11 266
266 105
3 267
267 64
102 268
268 23
145 269
269 36
130 270
270 6
109 271
271 98
120 272
272 135
41 273
273 149
137 274
274 72
121 275
275 57
87 276
276 98
76 277
277 159
46 278
278 160
126 279
279 88
25 280
280 87
70 281
281 105
68 282
282 174
134 283
283 67
10 284
284 117
77 285
285 148
146 286
286 62
178 287
287 180

258 188
50 165
165 34
4 166
166 146
119 167
167 87
33 168
168 111
56 169
169 78
101 170
170 58
72 171
171 17
41 172
172 147
46 173
173 61
3 174
174 148
39 175
175 86
77 176
176 55
129 177
177 121
60 178
178 23
69 179
179 57
57 180
180 164
144 181
181 54
76 182
182 141
67 183
183 148
130 184
184 106
118 185
185 114
111 186
186 100
41 187
187 141
30 188
188 111
161 189
189 89
59 190
190 117
17 191
191 34
156 192
192 78
29 193
193 155
155 194
194 91
47 195
195 74
141 196
196 91
126 197
197 74
90 198
198 43
72 199
199 47
124 200
200 7
36 201
201 62
26 202
202 50
160 203
203 46
30 204
204 43
140 205
205 119
77 206
206 140
73 207
207 161
85 208
208 137
35 209
209 64
100 210
210 18
14 211
211 25
110 212
212 119
15 213
213 79
91 214
214 129
39 215
215 120
110 216
216 129
105 217
217 139
62 218
218 140
63 219
219 6
47 220
220 141
155 221
221 117
10 222
222 38
67 223
223 43
64 224
224 137
122 225
225 27
41 226
226 21
162 227
227 106
114 228
228 80
85 229
229 144
129 230
230 39
13 231
231 94
139 232
232 69
6 233
233 107
148 234
234 104
55 235
235 152
143 236
236 20
54 237
237 113
14 238
238 70
75 239
239 154
50 240
240 53
37 241
241 159
51 242
242 123
161 243
243 50
52 244
244 102
93 245
245 116
121 246
246 156
25 247
247 157
43 248
248 10
135 249
249 111
66 250
250 96
58 251
251 116
50 252
252 106
49 253
253 60
65 254
254 122
45 255
255 121
144 256
256 106
151 257
257 56
78 258
258 72

291 186
195 199
199 89
104 200
200 109
163 201
201 150
42 202
202 10
145 203
203 34
123 204
204 71
25 205
205 43
29 206
206 8
148 207
207 66
94 208
208 69
46 209
209 194
178 210
210 23
142 211
211 28
85 212
212 47
131 213
213 44
99 214
214 129
134 215
215 128
196 216
216 183
123 217
217 158
25 218
218 72
64 219
219 72
184 220
220 134
81 221
221 23
88 222
222 163
108 223
223 171
176 224
224 51
138 225
225 105
43 226
226 196
117 227
227 85
14 228
228 126
176 229
229 130
4 230
230 1
177 231
231 180
62 232
232 152
60 233
233 159
122 234
234 59
194 235
235 13
93 236
236 109
60 237
237 187
146 238
238 18
40 239
239 187
61 240
240 68
133 241
241 55
45 242
242 4
16 243
243 101
20 244
244 43
41 245
245 114
80 246
246 26
109 247
247 73
142 248
248 188
11 249
249 81
61 250
250 52
52 251
251 20
196 252
252 121
128 253
253 142
60 254
254 112
111 255
255 61
126 256
256 197
158 257
257 68
187 258
258 156
121 259
259 188
55 260
260 95
36 261
261 179
67 262
262 65
96 263
263 173
189 264
264 172
46 265
265 192
92 266
266 155
180 267
267 5
10 268
268 192
146 269
269 161
47 270
270 123
73 271
271 47
166 272
272 124
95 273
273 121
8 274
274 59
188 275
275 108
68 276
276 64
70 277
277 34
55 278
278 12
19 279
279 72
25 280
280 11
3 281
281 30
42 282
282 55
193 283
283 11
150 284
284 1
69 285
285 136
71 286
286 46
163 287
287 81
120 288
288 145
116 289
289 197
198 290
290 186
141 291
291 170

258 178
105 170
170 128
140 171
171 47
86 172
172 73
101 173
173 111
148 174
174 100
103 175
175 162
80 176
176 100
110 177
177 6
60 178
178 160
47 179
179 121
96 180
180 110
148 181
181 31
46 182
182 120
84 183
183 7
155 184
184 119
134 185
185 1
162 186
186 148
22 187
187 115
84 188
188 92
109 189
189 61
150 190
190 43
20 191
191 148
44 192
192 102
37 193
193 24
66 194
194 98
42 195
195 119
102 196
196 80
122 197
197 47
150 198
198 89
40 199
199 108
117 200
200 23
66 201
201 11
114 202
202 68
12 203
203 107
158 204
204 33
99 205
205 62
63 206
206 12
100 207
207 57
167 208
208 114
129 209
209 120
150 210
210 56
108 211
211 5
82 212
212 16
38 213
213 57
9 214
214 25
124 215
215 102
144 216
216 108
42 217
217 133
31 218
218 50
86 219
219 101
132 220
220 122
95 221
221 87
79 222
222 114
57 223
223 130
75 224
224 45
25 225
225 74
126 226
226 111
125 227
227 40
35 228
228 73
141 229
229 115
135 230
230 156
150 231
231 132
89 232
232 155
22 233
233 53
46 234
234 54
98 235
235 129
115 236
236 108
12 237
237 26
33 238
238 161
48 239
239 58
145 240
240 7
54 241
241 136
95 242
242 121
153 243
243 54
81 244
244 157
85 245
245 131
9 246
246 94
4 247
247 152
94 248
248 154
52 249
249 21
133 250
250 36
28 251
251 3
10 252
252 50
137 253
253 93
26 254
254 27
115 255
255 167
26 256
256 93
136 257
257 167
13 258
258 42

277 210
9 173
173 26
1 174
174 149
53 175
175 143
66 176
176 16
50 177
177 111
105 178
178 170
78 179
179 97
140 180
180 113
90 181
181 146
35 182
182 15
100 183
183 55
100 184
184 122
147 185
185 153
65 186
186 166
37 187
187 85
140 188
188 131
52 189
189 121
36 190
190 168
20 191
191 98
83 192
192 154
59 193
193 40
151 194
194 47
9 195
195 141
79 196
196 165
158 197
197 2
59 198
198 108
21 199
199 62
89 200
200 73
102 201
201 100
107 202
202 36
91 203
203 79
113 204
204 152
48 205
205 160
167 206
206 12
151 207
207 87
37 208
208 19
163 209
209 50
171 210
210 33
172 211
211 144
43 212
212 24
133 213
213 67
103 214
214 55
41 215
215 122
40 216
216 152
52 217
217 54
111 218
218 94
87 219
219 169
154 220
220 48
167 221
221 34
110 222
222 145
148 223
223 24
49 224
224 93
50 225
225 103
42 226
226 90
75 227
227 51
161 228
228 66
13 229
229 88
125 230
230 169
165 231
231 148
98 232
232 19
51 233
233 30
41 234
234 84
60 235
235 84
125 236
236 77
73 237
237 100
88 238
238 65
8 239
239 134
60 240
240 140
19 241
241 171
136 242
242 130
91 243
243 134
128 244
244 107
82 245
245 136
86 246
246 33
84 247
247 100
31 248
248 10
38 249
249 104
15 250
250 137
126 251
251 132
124 252
252 158
152 253
253 17
137 254
254 118
120 255
255 63
147 256
256 117
142 257
257 91
146 258
258 56
11 259
259 165
155 260
260 45
89 261
261 90
59 262
262 58
73 263
263 169
109 264
264 49
42 265
265 117
112 266
266 58
102 267
267 155
39 268
268 142
44 269
269 142
151 270
270 28
94 271
271 66
100 272
272 49
96 273
273 113
170 274
274 167
156 275
275 161
71 276
276 10
47 277
277 103

246 166
28 164
164 146
7 165
165 21
38 166
166 71
46 167
167 144
8 168
168 23
79 169
169 131
96 170
170 83
81 171
171 1
143 172
172 74
24 173
173 132
86 174
174 83
29 175
175 97
101 176
176 84
112 177
177 96
20 178
178 67
112 179
179 143
160 180
180 68
56 181
181 29
153 182
182 136
113 183
183 123
49 184
184 34
135 185
185 130
16 186
186 76
30 187
187 108
162 188
188 70
62 189
189 47
139 190
190 158
121 191
191 109
67 192
192 160
46 193
193 132
28 194
194 15
138 195
195 92
62 196
196 43
16 197
197 133
43 198
198 161
61 199
199 66
12 200
200 99
55 201
201 65
60 202
202 1
160 203
203 131
158 204
204 6
128 205
205 157
26 206
206 102
126 207
207 5
134 208
208 17
92 209
209 47
86 210
210 13
16 211
211 132
29 212
212 30
64 213
213 115
107 214
214 58
138 215
215 50
157 216
216 161
39 217
217 69
107 218
218 129
83 219
219 99
24 220
220 86
2 221
221 83
92 222
222 121
116 223
223 91
122 224
224 50
4 225
225 157
130 226
226 112
85 227
227 148
48 228
228 80
21 229
229 58
78 230
230 86
126 231
231 99
72 232
232 1
125 233
233 137
82 234
234 5
112 235
235 2
67 236
236 117
81 237
237 2
108 238
238 82
53 239
239 4
52 240
240 156
130 241
241 7
73 242
242 127
152 243
243 65
101 244
244 1
126 245
245 89
49 246
246 3

244 164
75 163
163 80
140 164
164 154
41 165
165 67
60 166
166 48
61 167
167 62
58 168
168 160
159 169
169 110
34 170
170 94
126 171
171 40
63 172
172 122
109 173
173 91
113 174
174 2
98 175
175 64
25 176
176 160
10 177
177 123
14 178
178 128
97 179
179 156
144 180
180 142
22 181
181 124
147 182
182 88
110 183
183 59
141 184
184 140
72 185
185 119
37 186
186 75
32 187
187 89
65 188
188 80
27 189
189 153
52 190
190 106
32 191
191 43
79 192
192 106
33 193
193 143
74 194
194 111
6 195
195 159
45 196
196 103
56 197
197 13
139 198
198 117
160 199
199 41
116 200
200 114
78 201
201 8
102 202
202 133
155 203
203 160
145 204
204 146
86 205
205 57
133 206
206 95
149 207
207 81
53 208
208 160
112 209
209 105
96 210
210 13
29 211
211 21
55 212
212 72
69 213
213 77
38 214
214 3
92 215
215 34
152 216
216 35
117 217
217 69
40 218
218 39
20 219
219 72
36 220
220 98
154 221
221 70
9 222
222 134
136 223
223 47
1 224
224 31
122 225
225 111
156 226
226 53
114 227
227 150
27 228
228 103
5 229
229 38
21 230
230 65
148 231
231 161
61 232
232 140
18 233
233 113
115 234
234 88
34 235
235 84
70 236
236 25
119 237
237 53
106 238
238 21
125 239
239 137
77 240
240 20
120 241
241 80
146 242
242 132
42 243
243 28
34 244
244 17

262 170
36 178
178 157
93 179
179 166
6 180
180 167
52 181
181 160
17 182
182 16
42 183
183 25
8 184
184 128
172 185
185 121
97 186
186 177
101 187
187 120
6 188
188 32
55 189
189 44
90 190
190 165
48 191
191 46
32 192
192 9
20 193
193 114
169 194
194 88
23 195
195 173
75 196
196 12
122 197
197 12
49 198
198 36
136 199
199 36
78 200
200 139
118 201
201 57
20 202
202 54
56 203
203 61
4 204
204 147
69 205
205 38
11 206
206 31
169 207
207 136
145 208
208 119
91 209
209 115
87 210
210 9
173 211
211 78
39 212
212 62
94 213
213 63
80 214
214 148
33 215
215 106
137 216
216 30
151 217
217 77
59 218
218 163
167 219
219 163
91 220
220 121
1 221
221 121
168 222
222 96
106 223
223 138
33 224
224 58
164 225
225 79
7 226
226 45
127 227
227 175
67 228
228 94
44 229
229 152
36 230
230 141
50 231
231 114
138 232
232 57
32 233
233 129
10 234
234 128
100 235
235 149
90 236
236 16
118 237
237 78
27 238
238 162
18 239
239 65
95 240
240 129
57 241
241 26
125 242
242 28
171 243
243 49
41 244
244 65
104 245
245 23
44 246
246 160
42 247
247 48
80 248
248 3
102 249
249 84
49 250
250 1
37 251
251 125
148 252
252 31
144 253
253 101
163 254
254 92
25 255
255 57
26 256
256 10
73 257
257 50
155 258
258 127
25 259
259 168
142 260
260 87
137 261
261 140
102 262
262 142

270 200
147 171
171 59
38 172
172 67
93 173
173 87
101 174
174 58
15 175
175 50
111 176
176 51
135 177
177 2
162 178
178 136
170 179
179 125
48 180
180 152
166 181
181 41
149 182
182 99
1 183
183 40
120 184
184 149
119 185
185 132
124 186
186 29
146 187
187 164
64 188
188 17
71 189
189 94
84 190
190 124
90 191
191 69
79 192
192 143
117 193
193 155
33 194
194 45
39 195
195 88
163 196
196 29
53 197
197 145
146 198
198 1
28 199
199 133
145 200
200 28
27 201
201 82
158 202
202 118
34 203
203 98
145 204
204 147
33 205
205 119
20 206
206 31
136 207
207 52
103 208
208 83
80 209
209 123
66 210
210 78
28 211
211 83
141 212
212 109
8 213
213 22
135 214
214 167
128 215
215 57
21 216
216 36
58 217
217 132
8 218
218 58
33 219
219 89
136 220
220 23
14 221
221 88
78 222
222 6
56 223
223 109
80 224
224 147
113 225
225 14
163 226
226 54
46 227
227 83
127 228
228 54
117 229
229 42
127 230
230 94
141 231
231 64
135 232
232 32
80 233
233 127
6 234
234 33
133 235
235 15
9 236
236 126
54 237
237 28
90 238
238 25
90 239
239 65
79 240
240 57
27 241
241 80
79 242
242 58
123 243
243 73
55 244
244 9
20 245
245 69
165 246
246 20
35 247
247 169
123 248
248 133
45 249
249 62
79 250
250 98
135 251
251 30
85 252
252 72
10 253
253 146
100 254
254 107
7 255
255 10
156 256
256 108
165 257
257 162
52 258
258 140
6 259
259 125
108 260
260 154
22 261
261 167
15 262
262 17
112 263
263 75
92 264
264 75
53 265
265 97
132 266
266 87
75 267
267 1
137 268
268 30
37 269
269 149
84 270
270 101

335 1614
47 332
253 146
326 296
201 303
21 28
188 329
25 217
262 222
302 122
251 299
92 135
98 186
83 9
260 225
37 13
157 206
286 313
278 152
171 62
136 108
48 254
70 94
56 323
188 141
41 34
119 162
176 225
85 63
16 181
239 78
208 274
63 299
263 334
18 216
96 114
277 35
69 246
89 21
265 307
99 108
323 257
97 70
98 76
34 26
289 258
70 57
166 91
204 234
66 282
182 123
111 254
207 97
195 252
288 292
113 305
78 171
138 68
11 222
82 156
300 304
305 187
15 303
35 110
169 257
138 166
231 199
254 241
310 39
25 322
37 80
312 124
22 17
156 181
286 95
5 72
264 78
212 57
262 290
69 225
73 313
20 333
281 292
89 198
303 21
214 15
325 24
219 240
209 58
85 274
80 298
278 204
153 88
264 117
302 289
103 228
180 169
164 163
202 122
254 227
94 226
167 39
171 160
292 257
147 75
225 149
154 155
175 212
106 240
109 101
223 237
307 190
24 231
299 95
100 1
285 326
123 279
313 312
110 276
19 138
277 216
81 114
199 173
231 154
76 307
46 213
49 218
308 174
109 128
110 118
68 109
85 155
289 335
178 138
24 70
260 111
156 8
31 54
253 301
92 32
38 300
35 333
182 81
80 60
261 25
100 55
285 131
117 37
78 145
227 140
229 43
194 95
204 108
6 45
65 170
311 102
191 112
214 179
146 307
98 133
51 9
240 126
245 195
264 166
254 36
277 243
248 125
250 282
215 331
128 267
295 62
198 272
53 120
111 310
61 8
154 87
15 60
96 287
7 221
195 69
236 272
164 245
277 109
152 319
230 135
118 210
199 296
112 39
2 26
205 76
245 213
63 265
232 12
279 172
318 260
260 210
216 174
195 162
218 186
220 170
261 307
303 263
182 234
134 210
66 233
286 231
260 275
267 323
40 327
245 274
34 102
198 39
40 129
86 231
241 315
43 13
280 329
3 68
79 70
124 282
180 81
241 101
28 330
324 142
18 85
68 139
18 118
9 182
145 121
74 250
58 16
222 121
171 230
46 124
271 53
89 292
224 100
13 19
125 270
35 122
41 263
39 308
332 258
135 207
139 8
53 61
181 104
335 73
28 186
130 58
74 229
122 60
88 68
183 58
30 324
244 4
64 253
246 288
262 318
49 131
124 14
84 281
125 105
54 47
165 120
22 4
121 335
29 174
225 249
134 38
35 104
224 63
82 53
45 191
103 329
331 232
25 179
118 144
211 101
234 283
181 304
206 296
210 288
197 235
21 264
13 21
13 62
97 312
208 144
300 123
283 213
52 289
121 139
330 107
265 56
124 115
52 208
36 71
310 215
250 130
305 34
206 162
192 55
101 67
126 85
258 190
44 216
27 304
307 32
308 210
328 123
75 12
313 188
205 299
123 213
62 80
335 210
239 109
321 123
252 232
90 296
146 6
25 21
82 30
284 152
105 80
32 208
144 79
55 187
104 237
105 225
107 328
289 301
326 33
271 245
282 139
181 232
143 303
168 46
22 258
269 325
2 141
39 16
285 325
233 44
145 72
35 294
225 173
335 160
147 269
241 45
295 189
153 41
180 184
146 120
274 69
95 47
42 185
101 308
174 15
146 318
23 254
100 9
12 109
231 123
54 5
22 50
321 221
218 335
42 17
300 268
160 76
14 155
94 325
24 246
61 335
120 170
49 271
267 103
86 313
147 240
21 92
83 88
13 317
125 24
126 158
18 254
288 25
36 241
314 296
116 7
180 142
240 145
311 275
194 181
323 331
319 222
167 202
213 179
310 214
10 89
174 251
250 168
77 31
225 289
12 321
60 4
73 179
151 302
226 70
285 148
162 20
80 186
156 231
13 245
202 62
203 132
135 237
290 291
185 79
42 320
263 73
143 194
241 224
108 64
314 227
262 131
318 124
106 257
52 136
35 240
70 142
295 201
298 8
154 277
307 305
330 114
207 264
106 86
117 59
28 87
231 7
110 58
231 66
30 230
328 333
220 171
172 147
304 214
82 87
143 163
21 8
205 283
265 17
67 157
285 206
129 191
314 245
198 149
132 214
10 125
108 162
93 274
111 119
261 332
83 292
203 56
264 132
286 239
141 269
307 4
239 213
194 3
41 71
277 174
335 301
101 37
97 275
82 73
283 319
71 254
237 274
48 39
139 301
218 148
203 287
17 167
233 299
87 15
37 172
140 155
13 99
330 249
96 236
2 71
282 5
143 92
38 130
81 26
182 122
239 258
186 250
99 1
305 280
290 172
205 319
333 277
298 265
287 210
307 125
166 256
242 209
44 18
9 171
301 50
15 110
109 127
275 213
243 259
8 71
303 144
188 103
144 204
199 35
190 327
154 29
246 117
235 299
54 214
220 157
276 212
248 78
284 20
12 177
253 195
202 118
168 58
192 160
163 180
255 207
256 295
62 272
263 145
123 258
196 180
299 264
191 270
75 289
6 76
158 155
107 167
2 265
278 186
82 36
65 100
141 210
142 224
79 316
3 241
48 107
176 48
287 201
200 182
37 71
166 309
66 12
268 285
182 288
184 63
114 256
68 335
306 59
108 243
324 96
140 5
16 123
106 114
81 238
147 263
21 290
135 147
248 99
265 267
103 287
259 248
302 62
306 133
152 333
53 147
129 309
57 208
165 240
43 286
209 42
119 150
272 283
296 92
187 104
284 312
48 327
161 184
270 63
169 168
260 241
196 25
249 267
69 107
215 156
180 98
327 269
41 119
173 164
52 36
130 295
4 284
301 153
92 34
332 190
24 247
188 192
298 311
124 56
198 292
53 116
332 13
119 247
36 69
108 49
224 131
281 124
179 230
126 238
182 268
183 125
133 238
10 46
234 183
177 198
167 116
121 36
85 22
270 327
193 189
202 165
109 71
278 225
118 319
248 127
141 151
146 98
37 34
46 236
67 169
159 275
108 39
238 173
293 243
95 315
316 180
67 112
38 196
16 52
227 13
142 38
144 96
239 328
115 71
68 32
272 80
167 251
34 227
7 212
35 64
59 70
42 242
121 78
249 1
159 227
243 3
207 41
318 100
193 128
104 144
196 318
220 164
121 281
220 91
137 332
70 104
42 76
263 190
234 314
99 194
318 111
160 153
221 150
243 185
321 138
161 289
146 70
129 6
207 142
196 106
269 140
70 242
55 305
244 129
211 56
176 246
103 126
31 237
1 266
96 317
105 161
256 173
204 307
59 109
135 208
319 66
139 21
90 134
289 132
113 259
179 168
37 10
229 120
73 265
17 214
101 24
192 92
303 141
269 301
180 259
254 195
310 81
97 209
119 270
322 44
217 245
73 88
197 161
236 70
126 38
189 158
331 322
153 74
264 67
119 37
301 66
272 328
74 51
134 183
264 210
246 113
182 126
38 100
13 292
288 164
214 240
53 190
312 120
276 102
61 78
174 200
172 281
135 167
125 279
162 259
190 262
66 272
34 329
183 296
114 36
170 303
334 172
211 108
322 57
13 286
22 20
8 173
271 79
82 146
303 304
180 173
19 233
101 263
182 72
256 319
116 271
62 280
282 89
41 3
287 89
123 306
150 323
316 114
143 288
274 81
319 148
261 154
212 261
164 61
311 190
4 9
60 288
153 181
27 41
197 196
180 12
36 198
288 101
258 142
301 116
255 229
26 5
7 101
83 76
283 43
32 292
217 291
181 274
255 319
129 255
206 266
305 75
203 289
173 84
46 290
217 10
182 162
332 128
333 159
250 53
35 167
240 269
221 208
294 46
209 179
304 132
44 190
188 267
101 140
177 161
54 18
198 199
166 28
136 95
157 140
158 255
199 92
276 305
136 46
266 260
233 116
146 302
224 300
170 184
249 276
123 319
224 155
295 213
13 250
141 5
72 276
272 257
3 60
18 22
148 259
28 67
212 288
88 291
7 73
321 309
12 20
69 267
312 48
221 138
154 197
230 88
96 5
218 294
309 67
50 203
217 151
143 39
138 278
330 299
332 59
31 332
238 256
296 145
167 331
243 170
106 84
8 14
230 189
196 101
164 78
28 192
124 204
290 81
173 125
14 205
70 105
312 231
216 184
332 41
46 113
213 282
335 157
179 279
179 202
65 140
243 99
281 322
265 24
179 53
56 296
243 16
195 121
335 154
282 274
107 267
37 145
249 27
252 32
71 107
97 223
85 59
267 168
53 162
309 200
330 335
205 16
247 108
124 300
132 198
215 52
224 36
69 265
327 250
80 104
200 156
248 211
250 116
179 176
26 261
65 297
301 72
232 156
105 146
51 311
281 164
65 151
145 290
116 232
32 258
51 213
163 1
317 170
210 292
104 244
35 156
248 255
210 106
84 250
11 298
17 199
224 50
150 302
189 150
196 56
164 1
116 314
273 52
57 186
239 235
71 317
31 287
197 232
203 260
104 259
168 60
134 175
229 227
140 130
14 42
57 82
167 45
281 295
58 30
13 285
292 212
60 275
319 136
180 63
173 104
178 117
179 321
162 283
207 252
229 236
149 112
320 168
55 191
170 109
316 156
245 226
319 177
224 327
273 183
196 205
284 100
15 244
182 209
122 132
51 128
249 321
319 297
233 82
225 169
117 304
321 192
40 205
3 80
93 59
29 102
129 77
111 286
169 54
225 49
263 254
198 187
314 178
292 173
64 187
177 7
21 297
151 64
231 150
253 229
280 284
230 330
266 275
285 21
107 29
78 99
87 286
19 38
100 155
127 4
125 322
125 141
126 229
272 276
110 291
20 15
165 236
277 165
83 178
18 37
33 273
82 6
67 189
32 137
47 280
168 174
270 237
168 186
55 334
158 146
89 183
71 334
178 16
59 37
54 317
79 179
276 306
278 95
209 196
219 184
167 199
180 104
263 229
104 189
129 286
75 179
201 188
85 172
30 317
237 231
334 297
205 132
190 16
9 119
177 35
87 111
4 267
322 265
142 36
17 128
18 14
131 309
24 281
194 335
10 90
309 299
13 154
84 209
11 275
188 119
191 26
164 248
334 315
132 234
84 216
254 93
274 7
319 94
14 125
326 307
205 280
300 44
176 98
216 185
237 210
164 118
58 10
118 32
224 184
277 162
176 320
197 155
181 241
327 118
151 115
308 244
273 257
128 220
202 264
97 54
151 170
172 237
104 128
214 69
52 96
15 28
292 332
24 12
135 189
233 295
287 6
126 58
181 250
318 133
138 143
303 134
146 191
311 326
100 125
266 158
69 144
119 160
199 264
237 85
241 18
24 19
143 205
325 205
91 141
23 203
67 318
30 182
30 267
69 153
331 33
54 40
311 204
5 55
81 142
246 126
124 209
242 292
208 279
134 35
214 285
296 4
209 243
181 125
184 260
186 104
95 86
35 270
56 137
225 140
250 253
210 293
126 220
113 121
78 212
316 103
82 158
284 24
31 107
255 114
53 164
249 45
284 143
148 196
322 60
73 72
3 277
334 218
11 213
238 310
241 5
158 151
326 67
39 144
211 129
141 214
254 289
168 204
118 239
200 178
204 55
226 4
301 33
177 19
131 43
132 187
23 9
82 144
264 115
246 242
177 108
14 131
259 312
27 308
48 159
198 319
170 219
152 322
27 165
142 150
168 322
118 17
178 295
52 74
291 28
225 256
82 139
249 87
271 281
49 280
49 163
77 277
318 90
181 279
153 187
262 56
318 37
247 65
85 294
40 206
133 240
51 283
92 47
276 294
261 129
91 212
93 200
148 216
88 156
11 211
159 312
148 79
156 159
201 136
246 199
239 166
162 7
133 81
136 203
243 321
300 195
66 135
165 209
39 173
98 321
58 311
66 333
157 34
145 173
250 58
268 250
223 182
320 36
122 112
20 23
250 284
288 140
199 94
273 291
86 308
332 7
55 155
103 175
38 192
138 225
129 63
334 112
265 226
157 52
237 305
244 168
27 159
193 139
98 279
99 159
245 215
297 262
65 191
263 52
251 148
175 82
182 140
57 24
26 255
201 115
182 63
173 141
124 183
117 324
258 36
333 18
12 156
36 234
227 55
305 255
307 239
109 199
146 83
81 326
206 9
298 278
163 291
255 137
5 210
261 120
210 327
232 275
175 29
36 130
331 307
7 206
123 14
200 320
187 135
260 55
138 154
170 324
211 71
291 306
166 280
31 225
160 321
224 185
4 241
321 143
103 211
215 32
91 126
255 131
21 172
296 16
191 152
232 71
216 129
289 128
143 37
165 72
275 85
77 214
305 145
20 57
324 26
84 137
98 270
226 315
43 287
279 30
119 163
86 40
311 103
227 194
137 174
52 31
162 190
146 36
55 98
283 197
269 298
145 228
329 113
243 115
47 149
105 118
164 108
136 138
312 278
149 156
117 115
139 4
233 161
255 197
120 109
243 120
7 5
63 120
46 32
29 56
16 19
253 47
291 155
153 273
124 233
249 67
104 261
126 44
21 192
188 42
89 96
131 263
303 13
92 317
112 30
269 62
238 311
130 324
194 190
51 263
306 5
165 307
154 48
301 201
214 159
70 69
53 19
110 92
240 203
168 205
169 193
152 135
76 118
143 6
224 228
280 107
299 185
335 208
10 188
257 154
189 309
162 194
91 168
110 244
247 293
146 155
334 186
68 98
186 242
20 314
115 9
229 49
13 218
216 26
215 98
240 283
130 131
210 85
65 267
214 318
262 287
190 134
176 89
83 57
88 44
328 176
99 67
59 32
151 69
319 9
158 137
273 319
212 271
89 124
272 113
182 89
172 39
322 1
197 57
15 38
147 86
115 156
155 22
306 108
103 131
18 153
136 84
303 200
178 28
14 149
201 280
239 304
214 187
145 171
164 103
115 111
116 220
13 319
198 176
118 123
88 58
252 131
185 206
114 156
81 109
182 184
132 47
115 297
254 325
74 282
225 65
196 147
200 214
172 332
20 83
144 130
308 320
222 266
122 166
54 121
96 175
7 77
174 141
123 141
311 199
238 174
224 158
5 119
190 13
155 253
227 8
301 316
92 12
74 268
21 105
98 150
99 284
117 165
202 168
292 231
172 333
3 38
82 58
285 70
289 3
328 34
59 271
27 230
63 81
304 64
141 285
329 5
115 75
153 247
261 126
266 75
175 23
164 260
57 249
96 300
315 71
118 71
14 201
204 258
211 208
156 106
161 81
279 283
51 245
289 245
53 84
237 215
129 185
331 165
243 7
216 35
306 294
272 218
310 294
264 243
139 138
197 325
258 308
111 218
265 20
329 55
126 166
130 211
312 295
295 275
301 90
201 57
192 66

280 160
149 201
201 185
56 202
202 9
33 203
203 123
18 204
204 99
102 205
205 193
198 206
206 33
121 207
207 19
49 208
208 46
181 209
209 100
189 210
210 39
146 211
211 92
134 212
212 54
48 213
213 89
151 214
214 187
84 215
215 73
102 216
216 101
157 217
217 155
124 218
218 53
127 219
219 29
58 220
220 193
67 221
221 47
71 222
222 123
179 223
223 26
76 224
224 32
120 225
225 37
126 226
226 72
8 227
227 148
7 228
228 196
63 229
229 187
193 230
230 166
107 231
231 180
1 232
232 28
47 233
233 100
88 234
234 45
194 235
235 165
29 236
236 154
154 237
237 12
191 238
238 129
188 239
239 133
136 240
240 46
99 241
241 185
172 242
242 11
184 243
243 71
29 244
244 83
140 245
245 122
96 246
246 13
94 247
247 8
185 248
248 172
1 249
249 79
157 250
250 118
52 251
251 42
20 252
252 71
194 253
253 22
2 254
254 3
112 255
255 183
145 256
256 44
190 257
257 196
50 258
258 117
61 259
259 197
145 260
260 4
106 261
261 95
85 262
262 148
24 263
263 168
168 264
264 130
132 265
265 129
131 266
266 74
137 267
267 178
166 268
268 128
19 269
269 43
77 270
270 102
140 271
271 50
64 272
272 139
55 273
273 117
148 274
274 179
198 275
275 124
86 276
276 125
90 277
277 50
31 278
278 118
62 279
279 169
95 280
280 97

272 190
123 178
178 148
30 179
179 160
89 180
180 166
105 181
181 41
136 182
182 72
71 183
183 127
84 184
184 165
120 185
185 64
57 186
186 23
145 187
187 133
119 188
188 5
126 189
189 149
6 190
190 70
156 191
191 119
99 192
192 129
70 193
193 7
9 194
194 52
176 195
195 104
149 196
196 105
160 197
197 171
45 198
198 94
127 199
199 30
121 200
200 169
3 201
201 174
52 202
202 90
144 203
203 101
2 204
204 1
9 205
205 4
143 206
206 19
152 207
207 128
68 208
208 139
143 209
209 81
133 210
210 105
43 211
211 139
112 212
212 132
95 213
213 100
168 214
214 170
78 215
215 102
30 216
216 133
114 217
217 94
41 218
218 167
93 219
219 40
12 220
220 76
54 221
221 142
24 222
222 152
6 223
223 118
45 224
224 126
99 225
225 25
89 226
226 30
168 227
227 154
145 228
228 88
21 229
229 102
125 230
230 37
7 231
231 166
61 232
232 96
52 233
233 61
94 234
234 177
32 235
235 137
148 236
236 25
14 237
237 9
99 238
238 174
119 239
239 153
59 240
240 160
4 241
241 79
15 242
242 128
51 243
243 174
6 244
244 62
5 245
245 47
55 246
246 140
161 247
247 62
10 248
248 168
156 249
249 3
33 250
250 106
22 251
251 18
92 252
252 101
65 253
253 152
60 254
254 17
23 255
255 102
20 256
256 145
111 257
257 143
44 258
258 8
108 259
259 98
63 260
260 59
177 261
261 131
152 262
262 76
151 263
263 44
146 264
264 20
21 265
265 85
96 266
266 116
151 267
267 72
108 268
268 29
153 269
269 45
73 270
270 66
76 271
271 134
93 272
272 12

290 210
47 186
186 94
32 187
187 168
150 188
188 45
30 189
189 42
169 190
190 126
73 191
191 26
172 192
192 126
42 193
193 183
22 194
194 95
102 195
195 37
90 196
196 110
147 197
197 115
171 198
198 158
12 199
199 50
185 200
200 105
26 201
201 142
54 202
202 125
156 203
203 80
20 204
204 148
20 205
205 105
35 206
206 157
185 207
207 53
57 208
208 60
166 209
209 68
169 210
210 84
148 211
211 106
49 212
212 3
13 213
213 82
39 214
214 168
88 215
215 74
164 216
216 19
36 217
217 178
100 218
218 145
171 219
219 22
140 220
220 177
18 221
221 156
2 222
222 24
100 223
223 65
12 224
224 35
114 225
225 101
104 226
226 147
147 227
227 173
10 228
228 169
140 229
229 182
64 230
230 33
26 231
231 180
171 232
232 162
156 233
233 169
172 234
234 165
37 235
235 175
11 236
236 123
37 237
237 64
82 238
238 171
97 239
239 24
141 240
240 87
43 241
241 28
173 242
242 176
144 243
243 124
75 244
244 38
145 245
245 76
102 246
246 81
159 247
247 42
133 248
248 35
175 249
249 23
41 250
250 143
183 251
251 104
11 252
252 154
50 253
253 179
173 254
254 29
64 255
255 105
99 256
256 44
4 257
257 40
36 258
258 75
155 259
259 158
125 260
260 27
32 261
261 141
38 262
262 62
58 263
263 62
107 264
264 110
184 265
265 12
32 266
266 40
123 267
267 1
148 268
268 149
72 269
269 181
182 270
270 101
72 271
271 105
118 272
272 40
172 273
273 9
28 274
274 184
154 275
275 149
39 276
276 15
93 277
277 35
2 278
278 36
67 279
279 14
71 280
280 117
162 281
281 41
89 282
282 50
37 283
283 17
165 284
284 103
49 285
285 126
75 286
286 67
176 287
287 151
30 288
288 139
132 289
289 98
20 290
290 91

281 178
162 193
193 48
90 194
194 187
4 195
195 102
167 196
196 13
67 197
197 30
178 198
198 7
109 199
199 29
62 200
200 64
171 201
201 191
145 202
202 99
50 203
203 161
189 204
204 174
85 205
205 10
25 206
206 150
157 207
207 176
186 208
208 184
10 209
209 75
2 210
210 126
3 211
211 40
65 212
212 132
99 213
213 103
137 214
214 56
69 215
215 8
5 216
216 100
124 217
217 29
58 218
218 141
191 219
219 144
56 220
220 180
14 221
221 137
56 222
222 96
168 223
223 118
87 224
224 151
53 225
225 83
106 226
226 72
69 227
227 79
58 228
228 13
169 229
229 148
13 230
230 126
4 231
231 116
153 232
232 140
31 233
233 30
178 234
234 126
30 235
235 184
44 236
236 67
160 237
237 192
19 238
238 120
158 239
239 170
23 240
240 114
136 241
241 103
47 242
242 85
10 243
243 129
170 244
244 32
92 245
245 140
120 246
246 30
40 247
247 2
183 248
248 98
190 249
249 126
74 250
250 119
120 251
251 128
62 252
252 103
159 253
253 151
145 254
254 69
116 255
255 99
87 256
256 177
138 257
257 108
45 258
258 49
39 259
259 63
111 260
260 73
150 261
261 117
82 262
262 69
69 263
263 58
94 264
264 50
94 265
265 135
70 266
266 174
118 267
267 84
33 268
268 86
40 269
269 34
3 270
270 75
151 271
271 162
139 272
272 154
131 273
273 123
27 274
274 150
67 275
275 86
81 276
276 116
120 277
277 132
1 278
278 69
49 279
279 67
50 280
280 21
126 281
281 70

370 1676
302 11
341 52
73 193
264 137
285 194
90 42
5 195
227 258
359 204
203 214
88 235
197 311
88 154
329 80
312 248
265 6
288 250
159 363
367 20
226 126
269 18
52 59
365 30
340 297
258 366
5 93
355 24
302 170
160 26
89 228
144 116
274 13
258 257
109 351
349 6
167 3
355 246
325 45
271 97
75 247
224 208
334 277
337 26
351 321
31 223
89 311
271 150
296 119
282 217
234 139
307 211
163 141
322 35
331 326
97 95
11 222
297 141
252 279
316 191
43 321
298 219
210 105
174 308
341 103
240 326
224 53
236 146
91 356
189 4
282 83
356 254
225 155
316 310
269 151
345 244
329 274
59 28
112 253
206 204
117 68
320 293
66 217
50 63
111 268
279 330
210 130
250 29
327 305
344 90
142 141
275 121
242 252
100 341
104 206
160 183
291 25
339 261
217 59
22 193
149 125
80 87
124 128
177 10
327 254
368 289
258 333
100 291
42 177
299 95
10 333
359 57
143 230
236 324
93 242
307 92
200 162
36 115
256 116
147 80
134 117
138 120
194 77
111 69
43 173
246 194
304 239
31 73
163 193
165 301
14 2
72 5
53 109
62 270
309 13
55 142
229 34
218 334
116 76
345 319
184 106
57 220
335 183
234 38
318 164
324 203
180 141
127 75
163 77
11 282
194 353
115 119
127 274
64 369
215 1
298 168
279 158
12 320
164 206
113 159
124 76
148 247
369 12
42 122
266 41
365 216
134 224
91 133
305 348
362 330
71 27
10 251
180 68
291 91
150 130
363 118
2 320
24 162
80 335
322 260
254 161
57 30
4 42
287 246
109 274
314 237
9 236
101 163
105 32
49 22
342 235
93 282
34 277
126 328
132 12
269 149
334 318
171 232
283 25
367 105
42 87
98 24
279 77
317 250
116 335
96 110
112 314
158 223
17 300
145 247
85 263
336 160
318 16
175 149
31 112
343 233
255 91
19 194
95 122
97 284
335 339
280 289
219 325
29 220
77 165
62 28
358 13
243 306
324 4
151 317
352 272
269 128
272 177
255 166
58 27
248 208
289 83
218 158
19 99
204 157
295 235
263 329
320 239
181 192
239 259
167 70
303 121
287 211
143 53
142 344
166 259
7 159
122 71
71 130
33 267
88 250
344 303
273 344
229 81
278 171
156 70
252 50
164 6
347 366
35 307
54 38
130 5
196 262
238 306
111 32
63 344
284 27
322 194
306 8
343 141
329 249
351 93
230 31
267 66
333 253
100 21
32 285
291 130
241 169
150 219
117 289
176 151
214 100
180 60
219 107
77 73
44 329
13 55
108 302
149 2
259 139
280 260
181 15
359 10
46 48
291 139
224 230
341 135
196 193
219 96
114 259
83 359
29 298
123 51
254 145
110 250
66 209
245 277
181 85
20 341
333 314
320 172
99 325
318 325
206 172
299 193
259 249
61 317
282 58
121 18
139 34
196 17
80 79
303 26
70 196
52 92
41 206
116 49
246 286
326 171
212 198
251 357
345 309
308 175
164 33
365 277
249 260
359 134
179 113
242 230
64 191
175 229
33 286
16 306
219 119
94 15
101 103
233 252
141 102
103 355
161 35
147 240
62 310
283 39
250 62
70 310
69 174
39 356
80 347
86 193
15 272
350 218
95 331
209 350
122 157
143 252
94 223
321 292
334 291
261 1
98 165
219 212
220 222
39 307
50 246
232 329
324 172
96 67
68 169
178 12
87 202
163 247
356 57
225 88
111 203
104 161
105 53
198 160
238 172
314 331
166 8
151 107
192 120
95 3
345 273
145 156
164 69
217 351
60 361
23 343
133 56
27 144
191 246
214 61
362 218
164 287
292 225
221 133
204 67
223 161
278 259
226 48
247 63
318 261
321 42
215 344
184 350
47 245
123 339
98 175
47 90
49 121
127 264
50 273
331 121
205 213
273 267
112 317
39 82
135 112
84 262
216 182
237 213
310 254
263 349
328 195
330 100
97 192
80 120
119 313
249 330
68 28
234 292
177 37
70 268
257 161
46 340
85 76
364 285
316 35
78 84
154 179
40 123
52 108
110 357
19 93
224 179
65 239
160 5
337 261
265 334
142 4
282 48
262 215
65 9
362 150
192 323
56 255
1 95
119 188
129 328
4 323
228 276
179 223
158 286
282 220
87 245
128 356
134 334
119 308
240 40
243 229
133 14
64 267
320 240
178 319
235 124
180 222
205 242
110 81
71 229
365 125
312 119
148 168
31 366
11 208
63 140
320 102
304 224
325 251
90 295
326 76
166 80
187 189
118 13
68 232
219 307
368 28
95 91
288 317
270 264
310 291
152 50
244 344
9 34
249 216
361 329
219 106
352 4
302 189
325 228
61 298
138 274
346 10
26 210
321 344
13 280
118 18
84 166
293 170
160 56
164 173
228 66
194 174
312 157
253 55
296 198
81 238
198 221
200 268
40 256
212 123
267 104
70 170
143 224
117 197
67 263
146 343
55 179
313 318
336 292
227 343
202 280
303 351
142 268
40 178
85 147
288 123
1 236
157 216
242 5
351 176
283 176
141 247
52 262
3 228
264 323
364 76
108 182
60 309
141 20
291 14
19 149
46 43
208 229
342 368
144 348
18 39
66 334
223 292
44 76
100 49
246 48
283 38
274 146
147 96
331 274
24 32
197 176
345 223
201 181
113 11
281 237
138 251
85 165
347 291
277 89
205 152
284 304
124 55
167 197
117 208
191 195
50 286
70 302
19 50
225 183
190 9
107 311
111 195
222 265
154 34
284 271
312 64
249 143
343 199
74 196
258 294
319 46
52 363
296 370
230 368
213 211
35 354
273 102
1 121
225 80
317 117
119 194
106 181
274 255
6 7
58 237
66 125
159 82
271 222
111 96
260 77
213 107
180 303
53 39
203 13
286 226
52 225
308 139
309 254
220 173
299 312
211 42
275 170
328 334
271 182
370 130
227 353
65 334
228 139
131 289
22 304
208 87
209 290
124 91
128 264
76 214
313 252
350 70
7 181
179 90
293 238
3 351
4 343
101 59
130 67
179 276
1 162
19 191
38 233
224 21
9 290
303 255
161 111
272 54
326 249
92 132
256 325
21 16
10 259
20 277
171 284
14 352
294 239
43 358
317 326
202 83
348 22
77 59
66 249
325 151
272 45
199 55
348 133
82 331
157 20
303 117
51 196
126 349
3 316
354 47
56 104
130 169
287 93
234 132
290 146
70 175
203 41
333 208
353 79
23 277
68 3
35 263
130 49
95 252
28 299
344 101
108 121
205 103
300 317
179 363
25 63
282 221
193 91
139 3
163 370
81 315
105 122
145 105
182 22
8 362
227 309
101 206
176 155
180 40
273 205
150 190
139 171
144 190
114 218
184 265
114 45
354 73
290 80
356 242
201 192
202 149
4 163
104 250
358 52
106 21
35 19
247 339
127 51
2 190
278 19
264 168
340 328
234 256
235 146
328 304
9 33
174 211
164 336
148 39
349 253
196 45
325 116
294 347
352 318
120 255
128 180
226 1
323 51
148 46
249 81
233 271
14 132
354 227
194 175
345 297
308 219
237 342
331 145
285 330
68 110
361 252
55 352
336 302
264 293
11 198
358 78
342 185
348 80
271 356
136 57
268 123
181 92
98 288
176 47
246 300
123 296
141 340
202 137
370 365
250 157
204 177
338 21
51 286
307 136
303 2
110 174
299 73
130 36
218 43
150 10
216 125
151 233
229 47
206 244
18 36
186 168
97 339
174 20
74 168
353 119
285 341
233 28
311 58
225 189
172 169
71 335
276 322
65 175
140 196
256 355
116 176
174 31
91 370
336 192
356 131
218 172
37 99
222 33
247 43
65 160
324 61
328 56
152 315
154 35
194 138
89 91
128 292
186 283
5 226
100 45
122 21
167 338
171 320
317 236
156 225
130 305
24 94
366 327
89 51
181 8
184 345
20 138
350 202
194 133
107 93
307 21
274 310
113 358
298 103
195 190
42 96
206 361
244 36
231 291
341 180
313 24
260 78
244 75
211 258
161 92
42 329
60 56
208 81
124 93
218 22
79 125
122 39
358 140
237 107
274 247
157 255
234 25
288 236
67 14
162 349
38 70
121 199
234 315
237 286
275 74
16 328
124 286
215 177
292 324
20 65
62 17
155 196
51 288
325 343
133 202
156 125
89 6
23 271
336 20
327 149
7 173
153 18
363 193
366 206
245 173
190 45
176 326
135 211
212 137
308 242
326 241
312 245
351 139
338 291
77 209
354 44
32 355
40 227
63 147
101 44
103 199
253 353
163 50
23 91
182 109
193 242
104 126
123 202
140 100
72 71
348 268
336 145
127 85
177 233
16 169
352 113
245 191
248 66
83 317
301 217
234 140
290 170
1 37
265 51
266 131
170 93
181 308
1 86
82 347
106 341
363 180
210 257
54 221
55 193
43 332
63 348
49 40
251 212
15 153
164 178
55 118
367 320
215 268
56 341
147 203
186 114
228 38
287 197
74 345
220 232
272 305
274 205
241 6
154 320
85 244
51 261
142 108
164 185
76 267
352 254
122 303
305 264
324 124
119 3
229 180
7 121
263 147
59 132
318 269
83 41
164 337
221 203
87 160
10 1
341 108
146 10
366 92
265 213
288 199
184 280
242 105
118 225
178 343
241 167
335 352
70 344
326 45
216 25
247 254
261 153
212 262
313 202
208 16
179 100
346 329
274 368
64 164
78 297
271 246
38 167
60 144
23 28
79 163
120 48
282 323
291 251
288 102
4 98
60 7
339 72
144 42
236 320
57 101
5 344
129 254
242 234
278 355
190 26
119 144
293 174
78 314
79 168
76 195
89 214
104 32
87 169
37 314
152 225
172 28
362 229
275 144
217 340
328 188
240 270
208 231
211 361
15 195
145 352
75 92
185 57
187 301
63 56
225 67
351 200
10 202
104 182
31 336
362 236
57 301
172 170
155 226
294 38
88 174
164 195
121 254
169 152
60 44
26 236
46 235
11 7
210 62
124 49
287 263
237 313
356 140
30 240
342 107
225 181
79 22
118 119
356 275
18 132
141 346
307 158
237 306
93 94
6 128
136 255
245 29
85 196
269 343
240 307
38 250
25 87
205 358
194 130
50 200
329 7
147 8
50 270
52 139
145 34
228 277
147 121
132 227
172 330
179 264
245 66
83 283
88 131
255 57
216 178
72 44
236 205
309 252
330 339
357 53
36 66
178 287
292 235
3 344
187 23
262 8
135 282
138 10
108 166
187 132
264 49
51 331
241 262
310 143
209 288
145 328
323 296
342 4
45 343
235 335
78 73
151 344
35 227
40 246
257 272
187 44
172 312
339 345
269 115
271 302
301 125
80 305
151 115
341 54
14 68
271 351
185 103
134 344
264 135
213 236
241 136
118 59
104 128
119 88
12 85
42 237
225 347
211 280
231 222
362 283
137 28
256 350
168 208
149 82
280 340
260 269
34 5
201 249
75 262
344 154
35 126
367 232
332 318
64 105
68 254
290 349
241 297
4 40
29 32
213 254
251 295
346 363
76 253
242 213
172 360
162 73
347 79
279 84
318 145
11 308
180 357
274 107
247 351
46 357
347 365
80 96
152 365
171 187
264 188
230 87
131 172
350 32
353 268
286 86
100 308
7 118
29 347
253 370
189 149
287 311
184 267
42 284
29 50
195 310
234 263
318 48
251 127
184 52
226 252
156 42
270 38
150 294
308 268
338 260
64 284
359 239
220 151
133 142
300 223
30 69
85 1
16 345
254 146
205 342
283 277
90 99
73 316
92 306
167 186
153 178
227 298
194 116
124 328
361 138
203 309
43 178
108 238
332 345
49 280
212 188
322 323
127 35
255 254
263 246
334 188
156 273
13 270
311 41
335 167
362 226
211 346
72 329
206 35
250 370
251 352
75 62
313 210
210 369
297 130
17 121
327 273
147 87
317 283
317 198
291 10
207 299
319 55
235 82
26 155
29 72
283 181
49 266
122 320
164 45
30 344
84 335
340 177
50 180
215 153
349 102
296 183
350 14
206 275
227 138
16 251
218 331
271 199
6 47
287 213
194 182
237 192
31 339
328 341
139 367
12 247
367 269
278 237
231 135
72 169
199 94
96 63
356 62
285 230
165 171
183 284
155 77
343 90
128 105
174 255
53 284
54 154
220 73
186 258
318 287
247 218
199 27
32 41
86 220
343 184
101 12
310 126
3 79
4 71
43 36
228 104
66 351
164 90
314 228
244 168
32 322
53 244
83 129
130 201
295 204
199 190
91 107
348 13
112 259
167 103
279 259
263 69
284 206
70 140
236 215
156 331
30 227
220 168
38 308
334 250
333 18
133 181
172 144
16 231
202 37
282 68
155 275
129 9
239 338
205 286
344 104
217 158
59 370
210 327
158 63
330 22
185 310
212 269
300 340
158 78
357 278
267 47
253 154
308 238
21 20
42 318
187 244
88 314
200 105
300 274
244 133
35 226
365 45
119 66
102 190
349 167
215 32
186 294
169 294
301 289
216 274
272 41
328 86
347 281
311 328
169 252
332 34
137 84
13 132
270 216
37 14
242 307
278 296
281 47
163 15
45 79
78 139
200 151
327 321
239 222
136 329
157 343
216 55
127 291
76 86
2 132
276 170
231 20
116 310
248 358
358 223
56 131
17 51
258 360
304 246
353 147
363 78
272 340
146 31
257 32
136 25
33 76
289 58
109 345
46 32
288 291
328 261
59 151
172 219
344 250
265 275
14 182
96 15
302 305
294 300
338 266
191 188
148 180
190 124
120 355
138 78
51 77
124 334
244 23
160 46
273 340
12 316
269 341
18 87
297 20
134 316
220 302
154 147
52 76
37 43
275 231
102 84
329 229
347 211
85 117
290 181
56 357
94 253
352 305
78 12
179 327
136 215
84 162
212 104
364 242
185 187
314 273
211 340
284 102
13 313
73 347
21 219
120 154
73 292
57 98
84 314
360 280
52 163
307 93
94 119
28 257
303 338
14 340
132 170
46 286
300 64
312 313
242 6
323 347
269 320
221 50
290 54
243 202
246 85
196 359
16 304
155 135
247 206
73 325
290 222
243 34
121 240
285 132
126 235
110 289
258 345
202 347
45 127
155 57
57 6
127 262
362 347
272 111
370 267
78 104
357 31
33 236
235 360
219 210
129 283
57 230
130 244
172 351
56 38
247 47
89 360
198 58
321 90
329 138
256 358
116 179
184 317
358 291
33 229
147 109
247 25
133 66
82 212
29 145
127 233
291 32
258 299
221 334
85 170
216 311
111 207
170 360
71 282
11 62
77 305
31 245
18 362
93 92
137 136
254 81
81 80
9 307
304 172
303 236
161 88
92 11
6 262
206 7
195 361
287 138
145 151
19 282
287 132
115 219
156 251
13 233
342 289
179 193
17 238
367 214
249 5
269 261
49 302
266 316
242 175
25 261
269 231
310 294
202 45
195 333
224 18
215 235
189 231
228 6
174 62
195 343
361 40
128 199
275 101
215 178
198 142
77 173
106 120
190 41
16 257
125 161
262 335
264 58
229 195
