3450.23241626
3564.27534626
3701.33425626
3829.39283626
3942.47689626
4055.56095626
4154.62936626
4241.66139626
4372.70188626
4501.74447626
4604.75366626
4691.78569626
4748.80715626
4877.84974626
5005.94470626
5143.00361626
5258.03055626
5414.13166626
5471.15312626
5570.22153626
5698.28011626
5769.31722626
5955.39653626
6118.45986626
6189.49697626
6304.52391626
6418.56684626
6531.65090626
6644.73496626
6807.79829626
6920.88235626
7034.92528626
7171.98419626
7274.99338626
7412.05229626
7540.14725626
7653.23131626
7768.25825626
7867.32666626
7998.36715626
8085.39918626
8142.42064626
8257.44758626
8314.46904626
8411.52180626
8482.55891626
8629.62732626
8742.71138626
8839.76414626
8967.82272626
9104.88163626
9235.92212626
9372.98103626
9444.01814626
9557.10220626
9614.12366626
9701.15569626
9848.22410626
9919.26121626
10033.3041463
10120.3361763
10306.4154863
10462.5165963
10565.5257863
10712.5941963
10809.6469563
10924.6738963
11011.7059263
11167.8070363
11266.8754463
11394.9340263
11481.9660563
11538.9875163
11596.0089763
11653.0304363
11766.1144963
11903.1734063
12000.2261663
12129.2687563
12242.3528163
12373.3933063
12501.4882663
12588.5202963
12701.6043563
